id,sequenceNumber,type,text,awayScore,homeScore,period,clock,scoringPlay,scoreValue,team,participants,wallclock,shootingPlay,coordinate,pointsAttempted,shortDescription,clockSec
4018107414,4,"{'id': '615', 'text': 'Jumpball'}",Nic Claxton vs. Bam Adebayo (Tyler Herro gains possession),0,0,1,12:00,False,0,{'id': '14'},"[{'athlete': {'id': '4066261'}}, {'athlete': {'id': '4278067'}}, {'athlete': {'id': '4395725'}}]",2026-03-04T00:42:53Z,False,"{'x': -214748340, 'y': -214748365}",0,Jump Ball,720.0
4018107417,7,"{'id': '92', 'text': 'Jump Shot'}",Davion Mitchell misses 24-foot three point jumper,0,0,1,11:45,False,0,{'id': '14'},[{'athlete': {'id': '4278053'}}],2026-03-04T00:43:04Z,True,"{'x': 7, 'y': 17}",3,Missed 3PT,705.0
4018107418,8,"{'id': '155', 'text': 'Defensive Rebound'}",Michael Porter Jr. defensive rebound,0,0,1,11:42,False,0,{'id': '17'},[{'athlete': {'id': '4278104'}}],2026-03-04T00:43:07Z,False,"{'x': 7, 'y': 17}",0,Rebound,702.0
4018107419,9,"{'id': '132', 'text': 'Step Back Jump Shot'}",Michael Porter Jr. misses 15-foot step back jumpshot,0,0,1,11:24,False,0,{'id': '17'},[{'athlete': {'id': '4278104'}}],2026-03-04T00:43:25Z,True,"{'x': 41, 'y': 0}",2,Missed FG,684.0
40181074110,10,"{'id': '156', 'text': 'Offensive Rebound'}",Nets offensive team rebound,0,0,1,11:21,False,0,{'id': '17'},,2026-03-04T00:43:28Z,False,"{'x': 41, 'y': 0}",0,Rebound,681.0
40181074112,12,"{'id': '132', 'text': 'Step Back Jump Shot'}",Michael Porter Jr. misses 26-foot three point step back jumpshot,0,0,1,11:07,False,0,{'id': '17'},[{'athlete': {'id': '4278104'}}],2026-03-04T00:44:03Z,True,"{'x': 3, 'y': 15}",3,Missed 3PT,667.0
40181074113,13,"{'id': '155', 'text': 'Defensive Rebound'}",Andrew Wiggins defensive rebound,0,0,1,11:04,False,0,{'id': '14'},[{'athlete': {'id': '3059319'}}],2026-03-04T00:44:06Z,False,"{'x': 3, 'y': 15}",0,Rebound,664.0
40181074114,14,"{'id': '44', 'text': 'Shooting Foul'}",Michael Porter Jr. shooting foul,0,0,1,10:54,False,0,{'id': '17'},[{'athlete': {'id': '4278104'}}],2026-03-04T00:44:19Z,False,"{'x': 39, 'y': 0}",0,Foul,654.0
40181074116,16,"{'id': '98', 'text': 'Free Throw - 1 of 2'}",Tyler Herro makes free throw 1 of 2,0,1,1,10:54,True,1,{'id': '14'},[{'athlete': {'id': '4395725'}}],2026-03-04T00:44:51Z,True,"{'x': -214748340, 'y': -214748365}",1,+1 Point,654.0
40181074117,17,"{'id': '99', 'text': 'Free Throw - 2 of 2'}",Tyler Herro makes free throw 2 of 2,0,2,1,10:54,True,1,{'id': '14'},[{'athlete': {'id': '4395725'}}],2026-03-04T00:45:10Z,True,"{'x': -214748340, 'y': -214748365}",1,+1 Point,654.0
40181074118,18,"{'id': '62', 'text': 'Bad Pass\nTurnover'}","Nolan Traore bad pass
turnover (Bam Adebayo steals)",0,2,1,10:43,False,0,{'id': '17'},"[{'athlete': {'id': '5279130'}}, {'athlete': {'id': '4066261'}}]",2026-03-04T00:45:22Z,False,"{'x': 22, 'y': 5}",0,Turnover,643.0
40181074120,20,"{'id': '109', 'text': 'Running Layup Shot'}",Pelle Larsson misses running layup,0,2,1,10:38,False,0,{'id': '14'},[{'athlete': {'id': '4601025'}}],2026-03-04T00:45:28Z,True,"{'x': 27, 'y': 1}",2,Missed FG,638.0
40181074121,21,"{'id': '156', 'text': 'Offensive Rebound'}",Bam Adebayo offensive rebound,0,2,1,10:33,False,0,{'id': '14'},[{'athlete': {'id': '4066261'}}],2026-03-04T00:45:31Z,False,"{'x': 27, 'y': 1}",0,Rebound,633.0
40181074122,22,"{'id': '94', 'text': 'Tip Shot'}",Bam Adebayo makes tip shot,0,4,1,10:33,True,2,{'id': '14'},[{'athlete': {'id': '4066261'}}],2026-03-04T00:45:31Z,True,"{'x': 25, 'y': 0}",2,+2 Points,633.0
40181074123,23,"{'id': '110', 'text': 'Driving Layup Shot'}",Andrew Wiggins blocks Michael Porter Jr. 's 2-foot driving layup,0,4,1,10:18,False,0,{'id': '17'},"[{'athlete': {'id': '4278104'}}, {'athlete': {'id': '3059319'}}]",2026-03-04T00:45:46Z,True,"{'x': 25, 'y': 3}",2,Missed FG,618.0
40181074125,25,"{'id': '155', 'text': 'Defensive Rebound'}",Andrew Wiggins defensive rebound,0,4,1,10:15,False,0,{'id': '14'},[{'athlete': {'id': '3059319'}}],2026-03-04T00:45:49Z,False,"{'x': 25, 'y': 3}",0,Rebound,615.0
40181074126,26,"{'id': '132', 'text': 'Step Back Jump Shot'}",Andrew Wiggins makes 26-foot three point step back jumpshot (Davion Mitchell assists),0,7,1,10:09,True,3,{'id': '14'},"[{'athlete': {'id': '3059319'}}, {'athlete': {'id': '4278053'}}]",2026-03-04T00:45:56Z,True,"{'x': 35, 'y': 24}",3,+3 Points,609.0
40181074128,28,"{'id': '62', 'text': 'Bad Pass\nTurnover'}","Nolan Traore bad pass
turnover (Bam Adebayo steals)",0,7,1,9:51,False,0,{'id': '17'},"[{'athlete': {'id': '5279130'}}, {'athlete': {'id': '4066261'}}]",2026-03-04T00:46:14Z,False,"{'x': 23, 'y': 28}",0,Turnover,591.0
40181074130,30,"{'id': '109', 'text': 'Running Layup Shot'}",Tyler Herro misses running layup,0,7,1,9:47,False,0,{'id': '14'},[{'athlete': {'id': '4395725'}}],2026-03-04T00:46:18Z,True,"{'x': 27, 'y': 1}",2,Missed FG,587.0
40181074131,31,"{'id': '155', 'text': 'Defensive Rebound'}",Nic Claxton defensive rebound,0,7,1,9:44,False,0,{'id': '17'},[{'athlete': {'id': '4278067'}}],2026-03-04T00:46:21Z,False,"{'x': 27, 'y': 1}",0,Rebound,584.0
40181074132,32,"{'id': '92', 'text': 'Jump Shot'}",Nolan Traore makes 25-foot three point jumper (Michael Porter Jr. assists),3,7,1,9:38,True,3,{'id': '17'},"[{'athlete': {'id': '5279130'}}, {'athlete': {'id': '4278104'}}]",2026-03-04T00:46:27Z,True,"{'x': 25, 'y': 26}",3,+3 Points,578.0
40181074134,34,"{'id': '126', 'text': 'Layup Driving Reverse'}",Bam Adebayo makes two point shot (Pelle Larsson assists),3,9,1,9:24,True,2,{'id': '14'},"[{'athlete': {'id': '4066261'}}, {'athlete': {'id': '4601025'}}]",2026-03-04T00:46:41Z,True,"{'x': 24, 'y': 1}",2,+2 Points,564.0
40181074136,36,"{'id': '145', 'text': 'Driving Floating Bank Jump Shot'}",Nolan Traore makes 1-foot two point shot,5,9,1,9:05,True,2,{'id': '17'},[{'athlete': {'id': '5279130'}}],2026-03-04T00:47:00Z,True,"{'x': 26, 'y': 1}",2,+2 Points,545.0
40181074137,37,"{'id': '124', 'text': 'Finger Roll Layup'}",Bam Adebayo makes finger roll layup (Tyler Herro assists),5,11,1,8:50,True,2,{'id': '14'},"[{'athlete': {'id': '4066261'}}, {'athlete': {'id': '4395725'}}]",2026-03-04T00:47:15Z,True,"{'x': 25, 'y': 6}",2,+2 Points,530.0
40181074139,39,"{'id': '137', 'text': 'Turnaround Fade Away Jump Shot'}",Terance Mann makes 13-foot two point shot,7,11,1,8:22,True,2,{'id': '17'},[{'athlete': {'id': '3907823'}}],2026-03-04T00:47:42Z,True,"{'x': 29, 'y': 13}",2,+2 Points,502.0
40181074140,40,"{'id': '131', 'text': 'Pullup Jump Shot'}",Bam Adebayo misses 27-foot three point pullup jump shot,7,11,1,8:15,False,0,{'id': '14'},[{'athlete': {'id': '4066261'}}],2026-03-04T00:47:50Z,True,"{'x': 6, 'y': 20}",3,Missed 3PT,495.0
40181074141,41,"{'id': '155', 'text': 'Defensive Rebound'}",Nic Claxton defensive rebound,7,11,1,8:12,False,0,{'id': '17'},[{'athlete': {'id': '4278067'}}],2026-03-04T00:47:53Z,False,"{'x': 6, 'y': 20}",0,Rebound,492.0
40181074142,42,"{'id': '109', 'text': 'Running Layup Shot'}",Nic Claxton misses running layup,7,11,1,8:05,False,0,{'id': '17'},[{'athlete': {'id': '4278067'}}],2026-03-04T00:47:59Z,True,"{'x': 27, 'y': 1}",2,Missed FG,485.0
40181074143,43,"{'id': '155', 'text': 'Defensive Rebound'}",Bam Adebayo defensive rebound,7,11,1,8:00,False,0,{'id': '14'},[{'athlete': {'id': '4066261'}}],2026-03-04T00:48:04Z,False,"{'x': 27, 'y': 1}",0,Rebound,480.0
40181074144,44,"{'id': '113', 'text': 'Running Jump Shot'}",Pelle Larsson misses 24-foot running jump shot,7,11,1,7:58,False,0,{'id': '14'},[{'athlete': {'id': '4601025'}}],2026-03-04T00:48:07Z,True,"{'x': 7, 'y': 17}",3,Missed 3PT,478.0
40181074145,45,"{'id': '155', 'text': 'Defensive Rebound'}",Noah Clowney defensive rebound,7,11,1,7:51,False,0,{'id': '17'},[{'athlete': {'id': '4712896'}}],2026-03-04T00:48:14Z,False,"{'x': 7, 'y': 17}",0,Rebound,471.0
40181074146,46,"{'id': '113', 'text': 'Running Jump Shot'}",Michael Porter Jr. misses 23-foot running jump shot,7,11,1,7:48,False,0,{'id': '17'},[{'athlete': {'id': '4278104'}}],2026-03-04T00:48:17Z,True,"{'x': 48, 'y': 5}",3,Missed 3PT,468.0
40181074147,47,"{'id': '155', 'text': 'Defensive Rebound'}",Pelle Larsson defensive rebound,7,11,1,7:44,False,0,{'id': '14'},[{'athlete': {'id': '4601025'}}],2026-03-04T00:48:21Z,False,"{'x': 48, 'y': 5}",0,Rebound,464.0
40181074148,48,"{'id': '109', 'text': 'Running Layup Shot'}",Bam Adebayo makes running layup (Pelle Larsson assists),7,13,1,7:40,True,2,{'id': '14'},"[{'athlete': {'id': '4066261'}}, {'athlete': {'id': '4601025'}}]",2026-03-04T00:48:25Z,True,"{'x': 24, 'y': 1}",2,+2 Points,460.0
40181074150,50,"{'id': '16', 'text': 'Full Timeout'}",Nets Full timeout,7,13,1,7:39,False,0,{'id': '17'},,2026-03-04T00:48:31Z,False,"{'x': -214748340, 'y': -214748365}",0,Timeout,459.0
40181074151,51,"{'id': '144', 'text': 'Driving Floating Jump Shot'}",Noah Clowney makes 6-foot driving floating jump shot (Nic Claxton assists),9,13,1,7:17,True,2,{'id': '17'},"[{'athlete': {'id': '4712896'}}, {'athlete': {'id': '4278067'}}]",2026-03-04T00:51:51Z,True,"{'x': 24, 'y': 6}",2,+2 Points,437.0
40181074153,53,"{'id': '110', 'text': 'Driving Layup Shot'}",Pelle Larsson misses driving layup,9,13,1,6:55,False,0,{'id': '14'},[{'athlete': {'id': '4601025'}}],2026-03-04T00:52:13Z,True,"{'x': 24, 'y': 1}",2,Missed FG,415.0
40181074154,54,"{'id': '156', 'text': 'Offensive Rebound'}",Andrew Wiggins offensive rebound,9,13,1,6:55,False,0,{'id': '14'},[{'athlete': {'id': '3059319'}}],2026-03-04T00:52:13Z,False,"{'x': 24, 'y': 1}",0,Rebound,415.0
40181074155,55,"{'id': '44', 'text': 'Shooting Foul'}",Nolan Traore shooting foul,9,13,1,6:55,False,0,{'id': '17'},[{'athlete': {'id': '5279130'}}],2026-03-04T00:52:16Z,False,"{'x': 27, 'y': 2}",0,Foul,415.0
40181074157,57,"{'id': '98', 'text': 'Free Throw - 1 of 2'}",Andrew Wiggins makes free throw 1 of 2,9,14,1,6:55,True,1,{'id': '14'},[{'athlete': {'id': '3059319'}}],2026-03-04T00:52:44Z,True,"{'x': -214748340, 'y': -214748365}",1,+1 Point,415.0
40181074158,58,"{'id': '99', 'text': 'Free Throw - 2 of 2'}",Andrew Wiggins makes free throw 2 of 2,9,15,1,6:55,True,1,{'id': '14'},[{'athlete': {'id': '3059319'}}],2026-03-04T00:53:03Z,True,"{'x': -214748340, 'y': -214748365}",1,+1 Point,415.0
40181074159,59,"{'id': '44', 'text': 'Shooting Foul'}",Tyler Herro shooting foul,9,15,1,6:45,False,0,{'id': '14'},[{'athlete': {'id': '4395725'}}],2026-03-04T00:53:19Z,False,"{'x': 30, 'y': 3}",0,Foul,405.0
40181074161,61,"{'id': '98', 'text': 'Free Throw - 1 of 2'}",Noah Clowney makes free throw 1 of 2,10,15,1,6:45,True,1,{'id': '17'},[{'athlete': {'id': '4712896'}}],2026-03-04T00:53:45Z,True,"{'x': -214748340, 'y': -214748365}",1,+1 Point,405.0
40181074162,62,"{'id': '99', 'text': 'Free Throw - 2 of 2'}",Noah Clowney makes free throw 2 of 2,11,15,1,6:45,True,1,{'id': '17'},[{'athlete': {'id': '4712896'}}],2026-03-04T00:53:59Z,True,"{'x': -214748340, 'y': -214748365}",1,+1 Point,405.0
40181074163,63,"{'id': '128', 'text': 'Driving Finger Roll Layup'}",Davion Mitchell makes 1-foot two point shot,11,17,1,6:30,True,2,{'id': '14'},[{'athlete': {'id': '4278053'}}],2026-03-04T00:54:17Z,True,"{'x': 24, 'y': 0}",2,+2 Points,390.0
40181074164,64,"{'id': '62', 'text': 'Bad Pass\nTurnover'}","Nolan Traore bad pass
turnover (Bam Adebayo steals)",11,17,1,6:21,False,0,{'id': '17'},"[{'athlete': {'id': '5279130'}}, {'athlete': {'id': '4066261'}}]",2026-03-04T00:54:26Z,False,"{'x': 47, 'y': 13}",0,Turnover,381.0
40181074166,66,"{'id': '109', 'text': 'Running Layup Shot'}",Nic Claxton blocks Bam Adebayo 's 4-foot running layup,11,17,1,6:17,False,0,{'id': '14'},"[{'athlete': {'id': '4066261'}}, {'athlete': {'id': '4278067'}}]",2026-03-04T00:54:32Z,True,"{'x': 25, 'y': 5}",2,Missed FG,377.0
40181074168,68,"{'id': '155', 'text': 'Defensive Rebound'}",Nets defensive team rebound,11,17,1,6:17,False,0,{'id': '17'},,2026-03-04T00:54:32Z,False,"{'x': 25, 'y': 5}",0,Rebound,377.0
40181074170,70,"{'id': '584', 'text': 'Substitution'}",Kel'el Ware enters the game for Bam Adebayo,11,17,1,6:17,False,0,{'id': '14'},"[{'athlete': {'id': '5105623'}}, {'athlete': {'id': '4066261'}}]",2026-03-04T00:54:38Z,False,"{'x': -214748340, 'y': -214748365}",0,Substitution,377.0
40181074171,71,"{'id': '584', 'text': 'Substitution'}",Jaime Jaquez Jr. enters the game for Pelle Larsson,11,17,1,6:17,False,0,{'id': '14'},"[{'athlete': {'id': '4432848'}}, {'athlete': {'id': '4601025'}}]",2026-03-04T00:54:38Z,False,"{'x': -214748340, 'y': -214748365}",0,Substitution,377.0
40181074172,72,"{'id': '584', 'text': 'Substitution'}",Ben Saraf enters the game for Nolan Traore,11,17,1,6:17,False,0,{'id': '17'},"[{'athlete': {'id': '5242502'}}, {'athlete': {'id': '5279130'}}]",2026-03-04T00:54:38Z,False,"{'x': -214748340, 'y': -214748365}",0,Substitution,377.0
40181074176,76,"{'id': '121', 'text': 'Fade Away Jump Shot'}",Michael Porter Jr. makes 14-foot fade away jump shot (Nic Claxton assists),13,17,1,6:05,True,2,{'id': '17'},"[{'athlete': {'id': '4278104'}}, {'athlete': {'id': '4278067'}}]",2026-03-04T00:55:05Z,True,"{'x': 32, 'y': 13}",2,+2 Points,365.0
40181074178,78,"{'id': '132', 'text': 'Step Back Jump Shot'}",Andrew Wiggins misses 25-foot three point step back jumpshot,13,17,1,5:52,False,0,{'id': '14'},[{'athlete': {'id': '3059319'}}],2026-03-04T00:55:19Z,True,"{'x': 31, 'y': 25}",3,Missed 3PT,352.0
40181074179,79,"{'id': '155', 'text': 'Defensive Rebound'}",Nets defensive team rebound,13,17,1,5:50,False,0,{'id': '17'},,2026-03-04T00:55:21Z,False,"{'x': 31, 'y': 25}",0,Rebound,350.0
40181074181,81,"{'id': '120', 'text': 'Turnaround Hook Shot'}",Nic Claxton misses 7-foot two point shot,13,17,1,5:31,False,0,{'id': '17'},[{'athlete': {'id': '4278067'}}],2026-03-04T00:55:44Z,True,"{'x': 19, 'y': 4}",2,Missed FG,331.0
40181074182,82,"{'id': '155', 'text': 'Defensive Rebound'}",Andrew Wiggins defensive rebound,13,17,1,5:27,False,0,{'id': '14'},[{'athlete': {'id': '3059319'}}],2026-03-04T00:55:48Z,False,"{'x': 19, 'y': 4}",0,Rebound,327.0
40181074183,83,"{'id': '144', 'text': 'Driving Floating Jump Shot'}",Tyler Herro makes 12-foot driving floating jump shot (Andrew Wiggins assists),13,19,1,5:19,True,2,{'id': '14'},"[{'athlete': {'id': '4395725'}}, {'athlete': {'id': '3059319'}}]",2026-03-04T00:55:56Z,True,"{'x': 26, 'y': 13}",2,+2 Points,319.0
40181074185,85,"{'id': '95', 'text': 'Layup Shot'}",Michael Porter Jr. makes layup (Nic Claxton assists),15,19,1,5:07,True,2,{'id': '17'},"[{'athlete': {'id': '4278104'}}, {'athlete': {'id': '4278067'}}]",2026-03-04T00:56:11Z,True,"{'x': 23, 'y': 1}",2,+2 Points,307.0
40181074187,87,"{'id': '44', 'text': 'Shooting Foul'}",Andrew Wiggins shooting foul,15,19,1,5:07,False,0,{'id': '14'},[{'athlete': {'id': '3059319'}}],2026-03-04T00:56:14Z,False,"{'x': 23, 'y': 1}",0,Foul,307.0
40181074189,89,"{'id': '584', 'text': 'Substitution'}",Day'Ron Sharpe enters the game for Terance Mann,15,19,1,5:07,False,0,{'id': '17'},"[{'athlete': {'id': '4432194'}}, {'athlete': {'id': '3907823'}}]",2026-03-04T00:56:26Z,False,"{'x': -214748340, 'y': -214748365}",0,Substitution,307.0
40181074190,90,"{'id': '584', 'text': 'Substitution'}",Ziaire Williams enters the game for Nic Claxton,15,19,1,5:07,False,0,{'id': '17'},"[{'athlete': {'id': '4433137'}}, {'athlete': {'id': '4278067'}}]",2026-03-04T00:56:26Z,False,"{'x': -214748340, 'y': -214748365}",0,Substitution,307.0
40181074193,93,"{'id': '97', 'text': 'Free Throw - 1 of 1'}",Michael Porter Jr. misses free throw 1 of 1,15,19,1,5:07,False,0,{'id': '17'},[{'athlete': {'id': '4278104'}}],2026-03-04T00:56:42Z,True,"{'x': -214748340, 'y': -214748365}",1,Missed FT,307.0
40181074194,94,"{'id': '155', 'text': 'Defensive Rebound'}",Kel'el Ware defensive rebound,15,19,1,5:01,False,0,{'id': '14'},[{'athlete': {'id': '5105623'}}],2026-03-04T00:56:48Z,False,"{'x': -214748340, 'y': -214748365}",0,Rebound,301.0
40181074195,95,"{'id': '132', 'text': 'Step Back Jump Shot'}",Davion Mitchell misses 18-foot step back jumpshot,15,19,1,4:54,False,0,{'id': '14'},[{'athlete': {'id': '4278053'}}],2026-03-04T00:56:52Z,True,"{'x': 35, 'y': 15}",2,Missed FG,294.0
40181074196,96,"{'id': '155', 'text': 'Defensive Rebound'}",Noah Clowney defensive rebound,15,19,1,4:51,False,0,{'id': '17'},[{'athlete': {'id': '4712896'}}],2026-03-04T00:56:55Z,False,"{'x': 35, 'y': 15}",0,Rebound,291.0
40181074197,97,"{'id': '113', 'text': 'Running Jump Shot'}",Ben Saraf misses 24-foot running jump shot,15,19,1,4:46,False,0,{'id': '17'},[{'athlete': {'id': '5242502'}}],2026-03-04T00:57:00Z,True,"{'x': 34, 'y': 24}",3,Missed 3PT,286.0
40181074198,98,"{'id': '155', 'text': 'Defensive Rebound'}",Kel'el Ware defensive rebound,15,19,1,4:42,False,0,{'id': '14'},[{'athlete': {'id': '5105623'}}],2026-03-04T00:57:04Z,False,"{'x': 34, 'y': 24}",0,Rebound,282.0
40181074199,99,"{'id': '129', 'text': 'Running Finger Roll Layup'}",Tyler Herro makes two point shot,15,21,1,4:38,True,2,{'id': '14'},[{'athlete': {'id': '4395725'}}],2026-03-04T00:57:08Z,True,"{'x': 25, 'y': 1}",2,+2 Points,278.0
401810741100,100,"{'id': '92', 'text': 'Jump Shot'}",Ziaire Williams misses 26-foot three point jumper,15,21,1,4:21,False,0,{'id': '17'},[{'athlete': {'id': '4433137'}}],2026-03-04T00:57:24Z,True,"{'x': 9, 'y': 22}",3,Missed 3PT,261.0
401810741101,101,"{'id': '156', 'text': 'Offensive Rebound'}",Day'Ron Sharpe offensive rebound,15,21,1,4:15,False,0,{'id': '17'},[{'athlete': {'id': '4432194'}}],2026-03-04T00:57:30Z,False,"{'x': 9, 'y': 22}",0,Rebound,255.0
401810741102,102,"{'id': '92', 'text': 'Jump Shot'}",Noah Clowney misses 25-foot three point jumper,15,21,1,4:15,False,0,{'id': '17'},[{'athlete': {'id': '4712896'}}],2026-03-04T00:57:31Z,True,"{'x': 42, 'y': 19}",3,Missed 3PT,255.0
401810741103,103,"{'id': '156', 'text': 'Offensive Rebound'}",Ben Saraf offensive rebound,15,21,1,4:11,False,0,{'id': '17'},[{'athlete': {'id': '5242502'}}],2026-03-04T00:57:35Z,False,"{'x': 42, 'y': 19}",0,Rebound,251.0
401810741104,104,"{'id': '94', 'text': 'Tip Shot'}",Ben Saraf makes tip shot,17,21,1,4:11,True,2,{'id': '17'},[{'athlete': {'id': '5242502'}}],2026-03-04T00:57:35Z,True,"{'x': 25, 'y': 0}",2,+2 Points,251.0
401810741105,105,"{'id': '144', 'text': 'Driving Floating Jump Shot'}",Tyler Herro misses driving floating jump shot,17,21,1,3:57,False,0,{'id': '14'},[{'athlete': {'id': '4395725'}}],2026-03-04T00:57:49Z,True,"{'x': 20, 'y': 13}",2,Missed FG,237.0
401810741106,106,"{'id': '155', 'text': 'Defensive Rebound'}",Noah Clowney defensive rebound,17,21,1,3:54,False,0,{'id': '17'},[{'athlete': {'id': '4712896'}}],2026-03-04T00:57:52Z,False,"{'x': 20, 'y': 13}",0,Rebound,234.0
401810741107,107,"{'id': '95', 'text': 'Layup Shot'}",Day'Ron Sharpe misses layup,17,21,1,3:42,False,0,{'id': '17'},[{'athlete': {'id': '4432194'}}],2026-03-04T00:58:04Z,True,"{'x': 26, 'y': 4}",2,Missed FG,222.0
401810741108,108,"{'id': '156', 'text': 'Offensive Rebound'}",Ziaire Williams offensive rebound,17,21,1,3:39,False,0,{'id': '17'},[{'athlete': {'id': '4433137'}}],2026-03-04T00:58:07Z,False,"{'x': 26, 'y': 4}",0,Rebound,219.0
401810741109,109,"{'id': '130', 'text': 'Floating Jump Shot'}",Ziaire Williams misses 5-foot floating jump shot,17,21,1,3:39,False,0,{'id': '17'},[{'athlete': {'id': '4433137'}}],2026-03-04T00:58:08Z,True,"{'x': 25, 'y': 6}",2,Missed FG,219.0
401810741110,110,"{'id': '155', 'text': 'Defensive Rebound'}",Jaime Jaquez Jr. defensive rebound,17,21,1,3:39,False,0,{'id': '14'},[{'athlete': {'id': '4432848'}}],2026-03-04T00:58:08Z,False,"{'x': 25, 'y': 6}",0,Rebound,219.0
401810741111,111,"{'id': '44', 'text': 'Shooting Foul'}",Noah Clowney shooting foul,17,21,1,3:34,False,0,{'id': '17'},[{'athlete': {'id': '4712896'}}],2026-03-04T00:58:14Z,False,"{'x': 32, 'y': 7}",0,Foul,214.0
401810741113,113,"{'id': '98', 'text': 'Free Throw - 1 of 2'}",Jaime Jaquez Jr. makes free throw 1 of 2,17,22,1,3:34,True,1,{'id': '14'},[{'athlete': {'id': '4432848'}}],2026-03-04T00:58:57Z,True,"{'x': -214748340, 'y': -214748365}",1,+1 Point,214.0
401810741114,114,"{'id': '584', 'text': 'Substitution'}",Simone Fontecchio enters the game for Tyler Herro,17,22,1,3:34,False,0,{'id': '14'},"[{'athlete': {'id': '3899664'}}, {'athlete': {'id': '4395725'}}]",2026-03-04T00:58:59Z,False,"{'x': -214748340, 'y': -214748365}",0,Substitution,214.0
401810741115,115,"{'id': '584', 'text': 'Substitution'}",Bam Adebayo enters the game for Andrew Wiggins,17,22,1,3:34,False,0,{'id': '14'},"[{'athlete': {'id': '4066261'}}, {'athlete': {'id': '3059319'}}]",2026-03-04T00:58:59Z,False,"{'x': -214748340, 'y': -214748365}",0,Substitution,214.0
401810741116,116,"{'id': '584', 'text': 'Substitution'}",Kasparas Jakucionis enters the game for Davion Mitchell,17,22,1,3:34,False,0,{'id': '14'},"[{'athlete': {'id': '5214640'}}, {'athlete': {'id': '4278053'}}]",2026-03-04T00:58:59Z,False,"{'x': -214748340, 'y': -214748365}",0,Substitution,214.0
401810741117,117,"{'id': '584', 'text': 'Substitution'}",Danny Wolf enters the game for Noah Clowney,17,22,1,3:34,False,0,{'id': '17'},"[{'athlete': {'id': '5107173'}}, {'athlete': {'id': '4712896'}}]",2026-03-04T00:58:59Z,False,"{'x': -214748340, 'y': -214748365}",0,Substitution,214.0
401810741122,122,"{'id': '99', 'text': 'Free Throw - 2 of 2'}",Jaime Jaquez Jr. misses free throw 2 of 2,17,22,1,3:34,False,0,{'id': '14'},[{'athlete': {'id': '4432848'}}],2026-03-04T00:58:57Z,True,"{'x': -214748340, 'y': -214748365}",1,Missed FT,214.0
401810741123,123,"{'id': '155', 'text': 'Defensive Rebound'}",Day'Ron Sharpe defensive rebound,17,22,1,3:28,False,0,{'id': '17'},[{'athlete': {'id': '4432194'}}],2026-03-04T00:59:03Z,False,"{'x': -214748340, 'y': -214748365}",0,Rebound,208.0
401810741124,124,"{'id': '151', 'text': 'Cutting Dunk Shot'}",Danny Wolf makes 1-foot dunk (Day'Ron Sharpe assists),19,22,1,3:18,True,2,{'id': '17'},"[{'athlete': {'id': '5107173'}}, {'athlete': {'id': '4432194'}}]",2026-03-04T00:59:34Z,True,"{'x': 25, 'y': 2}",2,+2 Points,198.0
401810741126,126,"{'id': '72', 'text': 'Back Court Turnover'}",Kasparas Jakucionis back court turnover,19,22,1,3:09,False,0,{'id': '14'},[{'athlete': {'id': '5214640'}}],2026-03-04T00:59:45Z,False,"{'x': 43, 'y': 35}",0,Turnover,189.0
401810741135,135,"{'id': '584', 'text': 'Substitution'}",Josh Minott enters the game for Michael Porter Jr.,19,22,1,3:09,False,0,{'id': '17'},"[{'athlete': {'id': '4687718'}}, {'athlete': {'id': '4278104'}}]",2026-03-04T01:00:02Z,False,"{'x': -214748340, 'y': -214748365}",0,Substitution,189.0
401810741127,127,"{'id': '111', 'text': 'Alley Oop Layup Shot'}",Day'Ron Sharpe makes alley oop layup (Danny Wolf assists),21,22,1,2:58,True,2,{'id': '17'},"[{'athlete': {'id': '4432194'}}, {'athlete': {'id': '5107173'}}]",2026-03-04T01:00:19Z,True,"{'x': 26, 'y': 1}",2,+2 Points,178.0
401810741129,129,"{'id': '92', 'text': 'Jump Shot'}",Simone Fontecchio misses 23-foot three point jumper,21,22,1,2:45,False,0,{'id': '14'},[{'athlete': {'id': '3899664'}}],2026-03-04T01:00:32Z,True,"{'x': 48, 'y': -1}",3,Missed 3PT,165.0
401810741130,130,"{'id': '155', 'text': 'Defensive Rebound'}",Danny Wolf defensive rebound,21,22,1,2:42,False,0,{'id': '17'},[{'athlete': {'id': '5107173'}}],2026-03-04T01:00:36Z,False,"{'x': 48, 'y': -1}",0,Rebound,162.0
401810741131,131,"{'id': '109', 'text': 'Running Layup Shot'}",Ben Saraf makes running layup (Danny Wolf assists),23,22,1,2:38,True,2,{'id': '17'},"[{'athlete': {'id': '5242502'}}, {'athlete': {'id': '5107173'}}]",2026-03-04T01:00:40Z,True,"{'x': 26, 'y': 1}",2,+2 Points,158.0
401810741132,132,"{'id': '92', 'text': 'Jump Shot'}",Simone Fontecchio misses 25-foot three point jumper,23,22,1,2:26,False,0,{'id': '14'},[{'athlete': {'id': '3899664'}}],2026-03-04T01:00:51Z,True,"{'x': 5, 'y': 16}",3,Missed 3PT,146.0
401810741133,133,"{'id': '156', 'text': 'Offensive Rebound'}",Kasparas Jakucionis offensive rebound,23,22,1,2:22,False,0,{'id': '14'},[{'athlete': {'id': '5214640'}}],2026-03-04T01:00:55Z,False,"{'x': 5, 'y': 16}",0,Rebound,142.0
401810741134,134,"{'id': '125', 'text': 'Layup Shot Putback'}",Kasparas Jakucionis makes two point shot,23,24,1,2:20,True,2,{'id': '14'},[{'athlete': {'id': '5214640'}}],2026-03-04T01:00:57Z,True,"{'x': 25, 'y': 1}",2,+2 Points,140.0
401810741137,137,"{'id': '131', 'text': 'Pullup Jump Shot'}",Danny Wolf makes 25-foot three pointer,26,24,1,2:04,True,3,{'id': '17'},[{'athlete': {'id': '5107173'}}],2026-03-04T01:01:13Z,True,"{'x': 28, 'y': 26}",3,+3 Points,124.0
401810741138,138,"{'id': '92', 'text': 'Jump Shot'}",Bam Adebayo makes 25-foot three point jumper (Jaime Jaquez Jr. assists),26,27,1,1:45,True,3,{'id': '14'},"[{'athlete': {'id': '4066261'}}, {'athlete': {'id': '4432848'}}]",2026-03-04T01:01:32Z,True,"{'x': 21, 'y': 25}",3,+3 Points,105.0
401810741140,140,"{'id': '62', 'text': 'Bad Pass\nTurnover'}","Ben Saraf bad pass
turnover (Bam Adebayo steals)",26,27,1,1:34,False,0,{'id': '17'},"[{'athlete': {'id': '5242502'}}, {'athlete': {'id': '4066261'}}]",2026-03-04T01:01:44Z,False,"{'x': 17, 'y': 17}",0,Turnover,94.0
401810741142,142,"{'id': '129', 'text': 'Running Finger Roll Layup'}",Bam Adebayo misses two point shot,26,27,1,1:29,False,0,{'id': '14'},[{'athlete': {'id': '4066261'}}],2026-03-04T01:01:48Z,True,"{'x': 24, 'y': 1}",2,Missed FG,89.0
401810741143,143,"{'id': '156', 'text': 'Offensive Rebound'}",Kel'el Ware offensive rebound,26,27,1,1:25,False,0,{'id': '14'},[{'athlete': {'id': '5105623'}}],2026-03-04T01:01:52Z,False,"{'x': 24, 'y': 1}",0,Rebound,85.0
401810741146,146,"{'id': '94', 'text': 'Tip Shot'}",Kel'el Ware makes tip shot,26,29,1,1:23,True,2,{'id': '14'},[{'athlete': {'id': '5105623'}}],2026-03-04T01:01:54Z,True,"{'x': 25, 'y': 0}",2,+2 Points,83.0
401810741147,147,"{'id': '110', 'text': 'Driving Layup Shot'}",Danny Wolf makes driving layup (Day'Ron Sharpe assists),28,29,1,1:07,True,2,{'id': '17'},"[{'athlete': {'id': '5107173'}}, {'athlete': {'id': '4432194'}}]",2026-03-04T01:02:11Z,True,"{'x': 28, 'y': 1}",2,+2 Points,67.0
401810741148,148,"{'id': '44', 'text': 'Shooting Foul'}",Day'Ron Sharpe shooting foul,28,29,1,47.6,False,0,{'id': '17'},[{'athlete': {'id': '4432194'}}],2026-03-04T01:02:32Z,False,"{'x': 25, 'y': 9}",0,Foul,47.6
401810741150,150,"{'id': '16', 'text': 'Full Timeout'}",Heat Full timeout,28,29,1,47.6,False,0,{'id': '14'},,2026-03-04T01:02:50Z,False,"{'x': -214748340, 'y': -214748365}",0,Timeout,47.6
401810741155,155,"{'id': '98', 'text': 'Free Throw - 1 of 2'}",Jaime Jaquez Jr. makes free throw 1 of 2,28,30,1,47.6,True,1,{'id': '14'},[{'athlete': {'id': '4432848'}}],2026-03-04T01:05:52Z,True,"{'x': -214748340, 'y': -214748365}",1,+1 Point,47.6
401810741156,156,"{'id': '99', 'text': 'Free Throw - 2 of 2'}",Jaime Jaquez Jr. makes free throw 2 of 2,28,31,1,47.6,True,1,{'id': '14'},[{'athlete': {'id': '4432848'}}],2026-03-04T01:06:06Z,True,"{'x': -214748340, 'y': -214748365}",1,+1 Point,47.6
401810741157,157,"{'id': '131', 'text': 'Pullup Jump Shot'}",Ziaire Williams misses 15-foot pullup jump shot,28,31,1,30.8,False,0,{'id': '17'},[{'athlete': {'id': '4433137'}}],2026-03-04T01:06:25Z,True,"{'x': 30, 'y': 15}",2,Missed FG,30.8
401810741158,158,"{'id': '155', 'text': 'Defensive Rebound'}",Jaime Jaquez Jr. defensive rebound,28,31,1,28.9,False,0,{'id': '14'},[{'athlete': {'id': '4432848'}}],2026-03-04T01:06:27Z,False,"{'x': 30, 'y': 15}",0,Rebound,28.9
401810741159,159,"{'id': '92', 'text': 'Jump Shot'}",Kasparas Jakucionis makes 23-foot three point jumper (Bam Adebayo assists),28,34,1,19.4,True,3,{'id': '14'},"[{'athlete': {'id': '5214640'}}, {'athlete': {'id': '4066261'}}]",2026-03-04T01:06:37Z,True,"{'x': 2, 'y': 7}",3,+3 Points,19.4
401810741166,166,"{'id': '62', 'text': 'Bad Pass\nTurnover'}","Ben Saraf bad pass
turnover (Simone Fontecchio steals)",28,34,1,1.8,False,0,{'id': '17'},"[{'athlete': {'id': '5242502'}}, {'athlete': {'id': '3899664'}}]",2026-03-04T01:07:03Z,False,"{'x': 27, 'y': 3}",0,Turnover,1.8
401810741163,163,"{'id': '282', 'text': 'Heave Jump Shot'}",Simone Fontecchio misses heave jump shot,28,34,1,0.4,False,0,{'id': '14'},[{'athlete': {'id': '3899664'}}],2026-03-04T01:07:10Z,True,"{'x': 13, 'y': 59}",3,Missed 3PT,0.4
401810741164,164,"{'id': '156', 'text': 'Offensive Rebound'}",Heat offensive team rebound,28,34,1,0.1,False,0,{'id': '14'},,2026-03-04T01:07:10Z,False,"{'x': 37, 'y': 26}",0,Rebound,0.1
401810741165,165,"{'id': '412', 'text': 'End Period'}",End of the 1st Quarter,28,34,1,0.0,False,0,,,2026-03-04T01:07:17Z,False,"{'x': -214748340, 'y': -214748365}",0,End of 1st,0.0
401810741169,169,"{'id': '62', 'text': 'Bad Pass\nTurnover'}","Josh Minott bad pass
turnover (Bam Adebayo steals)",28,34,2,11:55,False,0,{'id': '17'},"[{'athlete': {'id': '4687718'}}, {'athlete': {'id': '4066261'}}]",2026-03-04T01:09:48Z,False,"{'x': 13, 'y': -1}",0,Turnover,715.0
401810741171,171,"{'id': '92', 'text': 'Jump Shot'}",Bam Adebayo misses 23-foot three point jumper,28,34,2,11:51,False,0,{'id': '14'},[{'athlete': {'id': '4066261'}}],2026-03-04T01:09:52Z,True,"{'x': 2, 'y': 0}",3,Missed 3PT,711.0
401810741172,172,"{'id': '155', 'text': 'Defensive Rebound'}",Josh Minott defensive rebound,28,34,2,11:49,False,0,{'id': '17'},[{'athlete': {'id': '4687718'}}],2026-03-04T01:09:54Z,False,"{'x': 2, 'y': 0}",0,Rebound,709.0
401810741173,173,"{'id': '87', 'text': 'Out of Bounds - Lost Ball Turnover'}",Ben Saraf out of bounds lost ball turnover,28,34,2,11:39,False,0,{'id': '17'},[{'athlete': {'id': '5242502'}}],2026-03-04T01:10:06Z,False,"{'x': 6, 'y': 2}",0,Turnover,699.0
401810741175,175,"{'id': '132', 'text': 'Step Back Jump Shot'}",Bam Adebayo misses 15-foot step back jumpshot,28,34,2,11:19,False,0,{'id': '14'},[{'athlete': {'id': '4066261'}}],2026-03-04T01:10:45Z,True,"{'x': 9, 'y': 0}",2,Missed FG,679.0
401810741176,176,"{'id': '156', 'text': 'Offensive Rebound'}",Jaime Jaquez Jr. offensive rebound,28,34,2,11:15,False,0,{'id': '14'},[{'athlete': {'id': '4432848'}}],2026-03-04T01:10:49Z,False,"{'x': 9, 'y': 0}",0,Rebound,675.0
401810741177,177,"{'id': '92', 'text': 'Jump Shot'}",Jaime Jaquez Jr. makes 25-foot three point jumper,28,37,2,11:14,True,3,{'id': '14'},[{'athlete': {'id': '4432848'}}],2026-03-04T01:10:50Z,True,"{'x': 9, 'y': 20}",3,+3 Points,674.0
401810741178,178,"{'id': '92', 'text': 'Jump Shot'}",Josh Minott misses 25-foot three point jumper,28,37,2,10:58,False,0,{'id': '17'},[{'athlete': {'id': '4687718'}}],2026-03-04T01:11:06Z,True,"{'x': 40, 'y': 21}",3,Missed 3PT,658.0
401810741179,179,"{'id': '156', 'text': 'Offensive Rebound'}",Day'Ron Sharpe offensive rebound,28,37,2,10:54,False,0,{'id': '17'},[{'athlete': {'id': '4432194'}}],2026-03-04T01:11:10Z,False,"{'x': 40, 'y': 21}",0,Rebound,654.0
401810741180,180,"{'id': '119', 'text': 'Driving Hook Shot'}",Day'Ron Sharpe makes 3-foot two point shot,30,37,2,10:50,True,2,{'id': '17'},[{'athlete': {'id': '4432194'}}],2026-03-04T01:11:14Z,True,"{'x': 29, 'y': 1}",2,+2 Points,650.0
401810741181,181,"{'id': '120', 'text': 'Turnaround Hook Shot'}",Bam Adebayo misses 3-foot two point shot,30,37,2,10:39,False,0,{'id': '14'},[{'athlete': {'id': '4066261'}}],2026-03-04T01:11:26Z,True,"{'x': 21, 'y': 1}",2,Missed FG,639.0
401810741182,182,"{'id': '155', 'text': 'Defensive Rebound'}",Day'Ron Sharpe defensive rebound,30,37,2,10:36,False,0,{'id': '17'},[{'athlete': {'id': '4432194'}}],2026-03-04T01:11:29Z,False,"{'x': 21, 'y': 1}",0,Rebound,636.0
401810741183,183,"{'id': '44', 'text': 'Shooting Foul'}",Bam Adebayo shooting foul,30,37,2,10:33,False,0,{'id': '14'},[{'athlete': {'id': '4066261'}}],2026-03-04T01:11:32Z,False,"{'x': 48, 'y': 1}",0,Foul,633.0
401810741185,185,"{'id': '100', 'text': 'Free Throw - 1 of 3'}",Ziaire Williams makes free throw 1 of 3,31,37,2,10:33,True,1,{'id': '17'},[{'athlete': {'id': '4433137'}}],2026-03-04T01:12:04Z,True,"{'x': -214748340, 'y': -214748365}",1,+1 Point,633.0
401810741187,187,"{'id': '101', 'text': 'Free Throw - 2 of 3'}",Ziaire Williams makes free throw 2 of 3,32,37,2,10:33,True,1,{'id': '17'},[{'athlete': {'id': '4433137'}}],2026-03-04T01:12:22Z,True,"{'x': -214748340, 'y': -214748365}",1,+1 Point,633.0
401810741188,188,"{'id': '102', 'text': 'Free Throw - 3 of 3'}",Ziaire Williams makes free throw 3 of 3,33,37,2,10:33,True,1,{'id': '17'},[{'athlete': {'id': '4433137'}}],2026-03-04T01:12:40Z,True,"{'x': -214748340, 'y': -214748365}",1,+1 Point,633.0
401810741189,189,"{'id': '110', 'text': 'Driving Layup Shot'}",Jaime Jaquez Jr. makes driving layup (Kasparas Jakucionis assists),33,39,2,10:19,True,2,{'id': '14'},"[{'athlete': {'id': '4432848'}}, {'athlete': {'id': '5214640'}}]",2026-03-04T01:12:54Z,True,"{'x': 26, 'y': 1}",2,+2 Points,619.0
401810741190,190,"{'id': '141', 'text': 'Cutting Layup Shot'}",Ziaire Williams makes 2-foot layup (Josh Minott assists),35,39,2,10:09,True,2,{'id': '17'},"[{'athlete': {'id': '4433137'}}, {'athlete': {'id': '4687718'}}]",2026-03-04T01:13:05Z,True,"{'x': 27, 'y': 0}",2,+2 Points,609.0
401810741192,192,"{'id': '114', 'text': 'Turnaround Jump Shot'}",Bam Adebayo makes 7-foot turnaround jump shot,35,41,2,9:57,True,2,{'id': '14'},[{'athlete': {'id': '4066261'}}],2026-03-04T01:13:17Z,True,"{'x': 23, 'y': 8}",2,+2 Points,597.0
401810741194,194,"{'id': '95', 'text': 'Layup Shot'}",Day'Ron Sharpe makes layup,37,41,2,9:41,True,2,{'id': '17'},[{'athlete': {'id': '4432194'}}],2026-03-04T01:13:33Z,True,"{'x': 26, 'y': 1}",2,+2 Points,581.0
401810741195,195,"{'id': '145', 'text': 'Driving Floating Bank Jump Shot'}",Jaime Jaquez Jr. misses two point shot,37,41,2,9:29,False,0,{'id': '14'},[{'athlete': {'id': '4432848'}}],2026-03-04T01:13:44Z,True,"{'x': 29, 'y': 2}",2,Missed FG,569.0
401810741196,196,"{'id': '155', 'text': 'Defensive Rebound'}",Day'Ron Sharpe defensive rebound,37,41,2,9:27,False,0,{'id': '17'},[{'athlete': {'id': '4432194'}}],2026-03-04T01:13:46Z,False,"{'x': 29, 'y': 2}",0,Rebound,567.0
401810741197,197,"{'id': '62', 'text': 'Bad Pass\nTurnover'}","Ben Saraf bad pass
turnover (Kel'el Ware steals)",37,41,2,9:22,False,0,{'id': '17'},"[{'athlete': {'id': '5242502'}}, {'athlete': {'id': '5105623'}}]",2026-03-04T01:13:53Z,False,"{'x': 36, 'y': 22}",0,Turnover,562.0
401810741199,199,"{'id': '45', 'text': 'Personal Foul'}",Day'Ron Sharpe personal foul,37,41,2,9:22,False,0,{'id': '17'},[{'athlete': {'id': '4432194'}}],2026-03-04T01:13:58Z,False,"{'x': 20, 'y': 2}",0,Foul,562.0
401810741201,201,"{'id': '584', 'text': 'Substitution'}",Nolan Traore enters the game for Day'Ron Sharpe,37,41,2,9:22,False,0,{'id': '17'},"[{'athlete': {'id': '5279130'}}, {'athlete': {'id': '4432194'}}]",2026-03-04T01:14:08Z,False,"{'x': -214748340, 'y': -214748365}",0,Substitution,562.0
401810741202,202,"{'id': '584', 'text': 'Substitution'}",Nic Claxton enters the game for Ben Saraf,37,41,2,9:22,False,0,{'id': '17'},"[{'athlete': {'id': '4278067'}}, {'athlete': {'id': '5242502'}}]",2026-03-04T01:14:08Z,False,"{'x': -214748340, 'y': -214748365}",0,Substitution,562.0
401810741205,205,"{'id': '120', 'text': 'Turnaround Hook Shot'}",Jaime Jaquez Jr. misses 7-foot two point shot,37,41,2,9:07,False,0,{'id': '14'},[{'athlete': {'id': '4432848'}}],2026-03-04T01:14:39Z,True,"{'x': 26, 'y': 7}",2,Missed FG,547.0
401810741206,206,"{'id': '155', 'text': 'Defensive Rebound'}",Danny Wolf defensive rebound,37,41,2,9:04,False,0,{'id': '17'},[{'athlete': {'id': '5107173'}}],2026-03-04T01:14:42Z,False,"{'x': 26, 'y': 7}",0,Rebound,544.0
401810741207,207,"{'id': '149', 'text': 'Running Alley Oop Dunk Shot'}",Nic Claxton makes dunk (Ziaire Williams assists),39,41,2,8:59,True,2,{'id': '17'},"[{'athlete': {'id': '4278067'}}, {'athlete': {'id': '4433137'}}]",2026-03-04T01:14:46Z,True,"{'x': 25, 'y': 0}",2,+2 Points,539.0
401810741209,209,"{'id': '92', 'text': 'Jump Shot'}",Jaime Jaquez Jr. makes 22-foot three point jumper (Simone Fontecchio assists),39,44,2,8:45,True,3,{'id': '14'},"[{'athlete': {'id': '4432848'}}, {'athlete': {'id': '3899664'}}]",2026-03-04T01:15:00Z,True,"{'x': 3, 'y': -1}",3,+3 Points,525.0
401810741211,211,"{'id': '62', 'text': 'Bad Pass\nTurnover'}","Ziaire Williams bad pass
turnover (Kel'el Ware steals)",39,44,2,8:29,False,0,{'id': '17'},"[{'athlete': {'id': '4433137'}}, {'athlete': {'id': '5105623'}}]",2026-03-04T01:15:17Z,False,"{'x': 22, 'y': 4}",0,Turnover,509.0
401810741213,213,"{'id': '92', 'text': 'Jump Shot'}",Kel'el Ware makes 25-foot three point jumper (Jaime Jaquez Jr. assists),39,47,2,8:21,True,3,{'id': '14'},"[{'athlete': {'id': '5105623'}}, {'athlete': {'id': '4432848'}}]",2026-03-04T01:15:25Z,True,"{'x': 20, 'y': 25}",3,+3 Points,501.0
401810741215,215,"{'id': '16', 'text': 'Full Timeout'}",Nets Full timeout,39,47,2,8:20,False,0,{'id': '17'},,2026-03-04T01:15:32Z,False,"{'x': -214748340, 'y': -214748365}",0,Timeout,500.0
401810741216,216,"{'id': '584', 'text': 'Substitution'}",Pelle Larsson enters the game for Bam Adebayo,39,47,2,8:20,False,0,{'id': '14'},"[{'athlete': {'id': '4601025'}}, {'athlete': {'id': '4066261'}}]",2026-03-04T01:17:50Z,False,"{'x': -214748340, 'y': -214748365}",0,Substitution,500.0
401810741217,217,"{'id': '584', 'text': 'Substitution'}",Michael Porter Jr. enters the game for Josh Minott,39,47,2,8:20,False,0,{'id': '17'},"[{'athlete': {'id': '4278104'}}, {'athlete': {'id': '4687718'}}]",2026-03-04T01:17:50Z,False,"{'x': -214748340, 'y': -214748365}",0,Substitution,500.0
401810741220,220,"{'id': '141', 'text': 'Cutting Layup Shot'}",Jaime Jaquez Jr. blocks Danny Wolf 's 1-foot layup,39,47,2,8:03,False,0,{'id': '17'},"[{'athlete': {'id': '5107173'}}, {'athlete': {'id': '4432848'}}]",2026-03-04T01:18:52Z,True,"{'x': 24, 'y': 2}",2,Missed FG,483.0
401810741222,222,"{'id': '156', 'text': 'Offensive Rebound'}",Danny Wolf offensive rebound,39,47,2,8:00,False,0,{'id': '17'},[{'athlete': {'id': '5107173'}}],2026-03-04T01:18:55Z,False,"{'x': 24, 'y': 2}",0,Rebound,480.0
401810741223,223,"{'id': '95', 'text': 'Layup Shot'}",Jaime Jaquez Jr. blocks Danny Wolf 's 2-foot layup,39,47,2,7:59,False,0,{'id': '17'},"[{'athlete': {'id': '5107173'}}, {'athlete': {'id': '4432848'}}]",2026-03-04T01:18:55Z,True,"{'x': 25, 'y': 3}",2,Missed FG,479.0
401810741225,225,"{'id': '155', 'text': 'Defensive Rebound'}",Simone Fontecchio defensive rebound,39,47,2,7:59,False,0,{'id': '14'},[{'athlete': {'id': '3899664'}}],2026-03-04T01:18:55Z,False,"{'x': 25, 'y': 3}",0,Rebound,479.0
401810741226,226,"{'id': '44', 'text': 'Shooting Foul'}",Danny Wolf shooting foul,39,47,2,7:53,False,0,{'id': '17'},[{'athlete': {'id': '5107173'}}],2026-03-04T01:19:05Z,False,"{'x': 32, 'y': 20}",0,Foul,473.0
401810741228,228,"{'id': '98', 'text': 'Free Throw - 1 of 2'}",Jaime Jaquez Jr. makes free throw 1 of 2,39,48,2,7:53,True,1,{'id': '14'},[{'athlete': {'id': '4432848'}}],2026-03-04T01:19:37Z,True,"{'x': -214748340, 'y': -214748365}",1,+1 Point,473.0
401810741229,229,"{'id': '99', 'text': 'Free Throw - 2 of 2'}",Jaime Jaquez Jr. makes free throw 2 of 2,39,49,2,7:53,True,1,{'id': '14'},[{'athlete': {'id': '4432848'}}],2026-03-04T01:19:53Z,True,"{'x': -214748340, 'y': -214748365}",1,+1 Point,473.0
401810741230,230,"{'id': '145', 'text': 'Driving Floating Bank Jump Shot'}",Nolan Traore misses two point shot,39,49,2,7:37,False,0,{'id': '17'},[{'athlete': {'id': '5279130'}}],2026-03-04T01:20:11Z,True,"{'x': 27, 'y': 2}",2,Missed FG,457.0
401810741231,231,"{'id': '156', 'text': 'Offensive Rebound'}",Nic Claxton offensive rebound,39,49,2,7:37,False,0,{'id': '17'},[{'athlete': {'id': '4278067'}}],2026-03-04T01:20:11Z,False,"{'x': 27, 'y': 2}",0,Rebound,457.0
401810741232,232,"{'id': '94', 'text': 'Tip Shot'}",Nic Claxton misses tip shot,39,49,2,7:37,False,0,{'id': '17'},[{'athlete': {'id': '4278067'}}],2026-03-04T01:20:15Z,True,"{'x': 25, 'y': 0}",2,Missed FG,457.0
401810741233,233,"{'id': '156', 'text': 'Offensive Rebound'}",Nets offensive team rebound,39,49,2,7:37,False,0,{'id': '17'},,2026-03-04T01:20:15Z,False,"{'x': 25, 'y': 0}",0,Rebound,457.0
401810741234,234,"{'id': '43', 'text': 'Loose Ball Foul'}",Kel'el Ware loose ball foul,39,49,2,7:37,False,0,{'id': '14'},[{'athlete': {'id': '5105623'}}],2026-03-04T01:20:26Z,False,"{'x': 25, 'y': 2}",0,Foul,457.0
401810741236,236,"{'id': '584', 'text': 'Substitution'}",Andrew Wiggins enters the game for Simone Fontecchio,39,49,2,7:37,False,0,{'id': '14'},"[{'athlete': {'id': '3059319'}}, {'athlete': {'id': '3899664'}}]",2026-03-04T01:20:35Z,False,"{'x': -214748340, 'y': -214748365}",0,Substitution,457.0
401810741237,237,"{'id': '584', 'text': 'Substitution'}",Tyler Herro enters the game for Jaime Jaquez Jr.,39,49,2,7:37,False,0,{'id': '14'},"[{'athlete': {'id': '4395725'}}, {'athlete': {'id': '4432848'}}]",2026-03-04T01:20:35Z,False,"{'x': -214748340, 'y': -214748365}",0,Substitution,457.0
401810741238,238,"{'id': '584', 'text': 'Substitution'}",Noah Clowney enters the game for Danny Wolf,39,49,2,7:37,False,0,{'id': '17'},"[{'athlete': {'id': '4712896'}}, {'athlete': {'id': '5107173'}}]",2026-03-04T01:20:35Z,False,"{'x': -214748340, 'y': -214748365}",0,Substitution,457.0
401810741242,242,"{'id': '92', 'text': 'Jump Shot'}",Michael Porter Jr. misses 25-foot three point jumper,39,49,2,7:27,False,0,{'id': '17'},[{'athlete': {'id': '4278104'}}],2026-03-04T01:20:51Z,True,"{'x': 41, 'y': 19}",3,Missed 3PT,447.0
401810741243,243,"{'id': '156', 'text': 'Offensive Rebound'}",Nets offensive team rebound,39,49,2,7:24,False,0,{'id': '17'},,2026-03-04T01:20:54Z,False,"{'x': 41, 'y': 19}",0,Rebound,444.0
401810741244,244,"{'id': '43', 'text': 'Loose Ball Foul'}",Kel'el Ware loose ball foul,39,49,2,7:24,False,0,{'id': '14'},[{'athlete': {'id': '5105623'}}],2026-03-04T01:21:01Z,False,"{'x': 38, 'y': 8}",0,Foul,444.0
401810741280,280,"{'id': '584', 'text': 'Substitution'}",Terance Mann enters the game for Ziaire Williams,39,49,2,7:24,False,0,{'id': '17'},"[{'athlete': {'id': '3907823'}}, {'athlete': {'id': '4433137'}}]",2026-03-04T01:21:12Z,False,"{'x': -214748340, 'y': -214748365}",0,Substitution,444.0
401810741247,247,"{'id': '44', 'text': 'Shooting Foul'}",Kel'el Ware shooting foul,39,49,2,7:15,False,0,{'id': '14'},[{'athlete': {'id': '5105623'}}],2026-03-04T01:22:05Z,False,"{'x': 26, 'y': 11}",0,Foul,435.0
401810741249,249,"{'id': '98', 'text': 'Free Throw - 1 of 2'}",Noah Clowney makes free throw 1 of 2,40,49,2,7:15,True,1,{'id': '17'},[{'athlete': {'id': '4712896'}}],2026-03-04T01:22:40Z,True,"{'x': -214748340, 'y': -214748365}",1,+1 Point,435.0
401810741250,250,"{'id': '584', 'text': 'Substitution'}",Bam Adebayo enters the game for Kel'el Ware,40,49,2,7:15,False,0,{'id': '14'},"[{'athlete': {'id': '4066261'}}, {'athlete': {'id': '5105623'}}]",2026-03-04T01:22:43Z,False,"{'x': -214748340, 'y': -214748365}",0,Substitution,435.0
401810741252,252,"{'id': '99', 'text': 'Free Throw - 2 of 2'}",Noah Clowney makes free throw 2 of 2,41,49,2,7:15,True,1,{'id': '17'},[{'athlete': {'id': '4712896'}}],2026-03-04T01:23:02Z,True,"{'x': -214748340, 'y': -214748365}",1,+1 Point,435.0
401810741253,253,"{'id': '44', 'text': 'Shooting Foul'}",Michael Porter Jr. shooting foul,41,49,2,7:04,False,0,{'id': '17'},[{'athlete': {'id': '4278104'}}],2026-03-04T01:23:17Z,False,"{'x': 28, 'y': 1}",0,Foul,424.0
401810741255,255,"{'id': '98', 'text': 'Free Throw - 1 of 2'}",Pelle Larsson makes free throw 1 of 2,41,50,2,7:04,True,1,{'id': '14'},[{'athlete': {'id': '4601025'}}],2026-03-04T01:23:45Z,True,"{'x': -214748340, 'y': -214748365}",1,+1 Point,424.0
401810741258,258,"{'id': '99', 'text': 'Free Throw - 2 of 2'}",Pelle Larsson misses free throw 2 of 2,41,50,2,7:04,False,0,{'id': '14'},[{'athlete': {'id': '4601025'}}],2026-03-04T01:23:45Z,True,"{'x': -214748340, 'y': -214748365}",1,Missed FT,424.0
401810741288,288,"{'id': '584', 'text': 'Substitution'}",Davion Mitchell enters the game for Kasparas Jakucionis,41,50,2,7:04,False,0,{'id': '14'},"[{'athlete': {'id': '4278053'}}, {'athlete': {'id': '5214640'}}]",2026-03-04T01:24:08Z,False,"{'x': -214748340, 'y': -214748365}",0,Substitution,424.0
401810741259,259,"{'id': '155', 'text': 'Defensive Rebound'}",Noah Clowney defensive rebound,41,50,2,7:02,False,0,{'id': '17'},[{'athlete': {'id': '4712896'}}],2026-03-04T01:23:47Z,False,"{'x': -214748340, 'y': -214748365}",0,Rebound,422.0
401810741260,260,"{'id': '132', 'text': 'Step Back Jump Shot'}",Terance Mann misses 13-foot step back jumpshot,41,50,2,6:40,False,0,{'id': '17'},[{'athlete': {'id': '3907823'}}],2026-03-04T01:24:30Z,True,"{'x': 33, 'y': 11}",2,Missed FG,400.0
401810741261,261,"{'id': '155', 'text': 'Defensive Rebound'}",Bam Adebayo defensive rebound,41,50,2,6:32,False,0,{'id': '14'},[{'athlete': {'id': '4066261'}}],2026-03-04T01:24:38Z,False,"{'x': 33, 'y': 11}",0,Rebound,392.0
401810741262,262,"{'id': '128', 'text': 'Driving Finger Roll Layup'}",Andrew Wiggins makes 1-foot two point shot,41,52,2,6:30,True,2,{'id': '14'},[{'athlete': {'id': '3059319'}}],2026-03-04T01:24:39Z,True,"{'x': 26, 'y': 1}",2,+2 Points,390.0
401810741264,264,"{'id': '44', 'text': 'Shooting Foul'}",Davion Mitchell shooting foul,41,52,2,6:16,False,0,{'id': '14'},[{'athlete': {'id': '4278053'}}],2026-03-04T01:25:04Z,False,"{'x': 30, 'y': 25}",0,Foul,376.0
401810741266,266,"{'id': '100', 'text': 'Free Throw - 1 of 3'}",Michael Porter Jr. makes free throw 1 of 3,42,52,2,6:16,True,1,{'id': '17'},[{'athlete': {'id': '4278104'}}],2026-03-04T01:25:31Z,True,"{'x': -214748340, 'y': -214748365}",1,+1 Point,376.0
401810741269,269,"{'id': '101', 'text': 'Free Throw - 2 of 3'}",Michael Porter Jr. makes free throw 2 of 3,43,52,2,6:16,True,1,{'id': '17'},[{'athlete': {'id': '4278104'}}],2026-03-04T01:25:44Z,True,"{'x': -214748340, 'y': -214748365}",1,+1 Point,376.0
401810741270,270,"{'id': '102', 'text': 'Free Throw - 3 of 3'}",Michael Porter Jr. makes free throw 3 of 3,44,52,2,6:16,True,1,{'id': '17'},[{'athlete': {'id': '4278104'}}],2026-03-04T01:26:00Z,True,"{'x': -214748340, 'y': -214748365}",1,+1 Point,376.0
401810741271,271,"{'id': '121', 'text': 'Fade Away Jump Shot'}",Tyler Herro misses 10-foot fade away jump shot,44,52,2,6:05,False,0,{'id': '14'},[{'athlete': {'id': '4395725'}}],2026-03-04T01:26:13Z,True,"{'x': 18, 'y': 8}",2,Missed FG,365.0
401810741272,272,"{'id': '155', 'text': 'Defensive Rebound'}",Noah Clowney defensive rebound,44,52,2,6:01,False,0,{'id': '17'},[{'athlete': {'id': '4712896'}}],2026-03-04T01:26:17Z,False,"{'x': 18, 'y': 8}",0,Rebound,361.0
401810741273,273,"{'id': '144', 'text': 'Driving Floating Jump Shot'}",Nolan Traore makes 8-foot driving floating jump shot (Michael Porter Jr. assists),46,52,2,5:50,True,2,{'id': '17'},"[{'athlete': {'id': '5279130'}}, {'athlete': {'id': '4278104'}}]",2026-03-04T01:26:27Z,True,"{'x': 21, 'y': 8}",2,+2 Points,350.0
401810741274,274,"{'id': '110', 'text': 'Driving Layup Shot'}",Nic Claxton blocks Bam Adebayo 's 3-foot driving layup,46,52,2,5:35,False,0,{'id': '14'},"[{'athlete': {'id': '4066261'}}, {'athlete': {'id': '4278067'}}]",2026-03-04T01:26:43Z,True,"{'x': 22, 'y': 1}",2,Missed FG,335.0
401810741276,276,"{'id': '155', 'text': 'Defensive Rebound'}",Nets defensive team rebound,46,52,2,5:35,False,0,{'id': '17'},,2026-03-04T01:26:43Z,False,"{'x': 22, 'y': 1}",0,Rebound,335.0
401810741278,278,"{'id': '44', 'text': 'Shooting Foul'}",Pelle Larsson shooting foul,46,52,2,5:15,False,0,{'id': '14'},[{'athlete': {'id': '4601025'}}],2026-03-04T01:27:23Z,False,"{'x': 20, 'y': 9}",0,Foul,315.0
401810741282,282,"{'id': '98', 'text': 'Free Throw - 1 of 2'}",Noah Clowney misses free throw 1 of 2,46,52,2,5:15,False,0,{'id': '17'},[{'athlete': {'id': '4712896'}}],2026-03-04T01:27:59Z,True,"{'x': -214748340, 'y': -214748365}",1,Missed FT,315.0
401810741283,283,"{'id': '156', 'text': 'Offensive Rebound'}",Nets offensive team rebound,46,52,2,5:15,False,0,{'id': '17'},,2026-03-04T01:27:59Z,False,"{'x': -214748340, 'y': -214748365}",0,Rebound,315.0
401810741284,284,"{'id': '99', 'text': 'Free Throw - 2 of 2'}",Noah Clowney makes free throw 2 of 2,47,52,2,5:15,True,1,{'id': '17'},[{'athlete': {'id': '4712896'}}],2026-03-04T01:28:20Z,True,"{'x': -214748340, 'y': -214748365}",1,+1 Point,315.0
401810741285,285,"{'id': '63', 'text': 'Lost Ball Turnover'}",Tyler Herro lost ball turnover (Noah Clowney steals),47,52,2,4:52,False,0,{'id': '14'},"[{'athlete': {'id': '4395725'}}, {'athlete': {'id': '4712896'}}]",2026-03-04T01:28:44Z,False,"{'x': 10, 'y': 7}",0,Turnover,292.0
401810741291,291,"{'id': '109', 'text': 'Running Layup Shot'}",Pelle Larsson blocks Noah Clowney 's 1-foot running layup,47,52,2,4:41,False,0,{'id': '17'},"[{'athlete': {'id': '4712896'}}, {'athlete': {'id': '4601025'}}]",2026-03-04T01:28:58Z,True,"{'x': 26, 'y': 2}",2,Missed FG,281.0
401810741293,293,"{'id': '155', 'text': 'Defensive Rebound'}",Davion Mitchell defensive rebound,47,52,2,4:41,False,0,{'id': '14'},[{'athlete': {'id': '4278053'}}],2026-03-04T01:28:58Z,False,"{'x': 26, 'y': 2}",0,Rebound,281.0
401810741294,294,"{'id': '45', 'text': 'Personal Foul'}",Terance Mann personal foul,47,52,2,4:41,False,0,{'id': '17'},[{'athlete': {'id': '3907823'}}],2026-03-04T01:29:14Z,False,"{'x': 28, 'y': 1}",0,Foul,281.0
401810741297,297,"{'id': '144', 'text': 'Driving Floating Jump Shot'}",Tyler Herro makes 5-foot driving floating jump shot,47,54,2,4:30,True,2,{'id': '14'},[{'athlete': {'id': '4395725'}}],2026-03-04T01:29:56Z,True,"{'x': 25, 'y': 6}",2,+2 Points,270.0
401810741298,298,"{'id': '44', 'text': 'Shooting Foul'}",Nic Claxton shooting foul,47,54,2,4:30,False,0,{'id': '17'},[{'athlete': {'id': '4278067'}}],2026-03-04T01:30:07Z,False,"{'x': 25, 'y': 6}",0,Foul,270.0
401810741300,300,"{'id': '97', 'text': 'Free Throw - 1 of 1'}",Tyler Herro makes free throw 1 of 1,47,55,2,4:30,True,1,{'id': '14'},[{'athlete': {'id': '4395725'}}],2026-03-04T01:30:38Z,True,"{'x': -214748340, 'y': -214748365}",1,+1 Point,270.0
401810741301,301,"{'id': '92', 'text': 'Jump Shot'}",Noah Clowney misses 25-foot three point jumper,47,55,2,4:17,False,0,{'id': '17'},[{'athlete': {'id': '4712896'}}],2026-03-04T01:30:55Z,True,"{'x': 20, 'y': 26}",3,Missed 3PT,257.0
401810741302,302,"{'id': '155', 'text': 'Defensive Rebound'}",Davion Mitchell defensive rebound,47,55,2,4:12,False,0,{'id': '14'},[{'athlete': {'id': '4278053'}}],2026-03-04T01:31:00Z,False,"{'x': 20, 'y': 26}",0,Rebound,252.0
401810741303,303,"{'id': '109', 'text': 'Running Layup Shot'}",Tyler Herro makes running layup (Davion Mitchell assists),47,57,2,4:06,True,2,{'id': '14'},"[{'athlete': {'id': '4395725'}}, {'athlete': {'id': '4278053'}}]",2026-03-04T01:31:06Z,True,"{'x': 30, 'y': 2}",2,+2 Points,246.0
401810741305,305,"{'id': '45', 'text': 'Personal Foul'}",Pelle Larsson personal foul,47,57,2,3:58,False,0,{'id': '14'},[{'athlete': {'id': '4601025'}}],2026-03-04T01:31:18Z,False,"{'x': 31, 'y': 5}",0,Foul,238.0
401810741307,307,"{'id': '30', 'text': 'Double Technical Foul'}",Double technical foul: Noah Clowney and Tyler Herro,47,57,2,3:58,False,0,{'id': '17'},"[{'athlete': {'id': '4712896'}}, {'athlete': {'id': '4395725'}}]",2026-03-04T01:31:46Z,False,"{'x': -214748340, 'y': -214748365}",0,Foul,238.0
401810741309,309,"{'id': '98', 'text': 'Free Throw - 1 of 2'}",Noah Clowney makes free throw 1 of 2,48,57,2,3:58,True,1,{'id': '17'},[{'athlete': {'id': '4712896'}}],2026-03-04T01:32:55Z,True,"{'x': -214748340, 'y': -214748365}",1,+1 Point,238.0
401810741310,310,"{'id': '99', 'text': 'Free Throw - 2 of 2'}",Noah Clowney makes free throw 2 of 2,49,57,2,3:58,True,1,{'id': '17'},[{'athlete': {'id': '4712896'}}],2026-03-04T01:32:56Z,True,"{'x': -214748340, 'y': -214748365}",1,+1 Point,238.0
401810741311,311,"{'id': '145', 'text': 'Driving Floating Bank Jump Shot'}",Tyler Herro makes 8-foot two point shot (Davion Mitchell assists),49,59,2,3:38,True,2,{'id': '14'},"[{'athlete': {'id': '4395725'}}, {'athlete': {'id': '4278053'}}]",2026-03-04T01:33:15Z,True,"{'x': 32, 'y': 5}",2,+2 Points,218.0
401810741313,313,"{'id': '130', 'text': 'Floating Jump Shot'}",Nic Claxton misses 12-foot floating jump shot,49,59,2,3:23,False,0,{'id': '17'},[{'athlete': {'id': '4278067'}}],2026-03-04T01:33:30Z,True,"{'x': 30, 'y': 12}",2,Missed FG,203.0
401810741314,314,"{'id': '156', 'text': 'Offensive Rebound'}",Nets offensive team rebound,49,59,2,3:22,False,0,{'id': '17'},,2026-03-04T01:33:31Z,False,"{'x': 30, 'y': 12}",0,Rebound,202.0
401810741316,316,"{'id': '92', 'text': 'Jump Shot'}",Michael Porter Jr. misses 25-foot three point jumper,49,59,2,3:20,False,0,{'id': '17'},[{'athlete': {'id': '4278104'}}],2026-03-04T01:33:58Z,True,"{'x': 43, 'y': 18}",3,Missed 3PT,200.0
401810741317,317,"{'id': '155', 'text': 'Defensive Rebound'}",Bam Adebayo defensive rebound,49,59,2,3:16,False,0,{'id': '14'},[{'athlete': {'id': '4066261'}}],2026-03-04T01:34:02Z,False,"{'x': 43, 'y': 18}",0,Rebound,196.0
401810741318,318,"{'id': '109', 'text': 'Running Layup Shot'}",Andrew Wiggins makes running layup (Bam Adebayo assists),49,61,2,3:14,True,2,{'id': '14'},"[{'athlete': {'id': '3059319'}}, {'athlete': {'id': '4066261'}}]",2026-03-04T01:34:04Z,True,"{'x': 26, 'y': 1}",2,+2 Points,194.0
401810741320,320,"{'id': '110', 'text': 'Driving Layup Shot'}",Bam Adebayo blocks Nolan Traore 's 5-foot driving layup,49,61,2,3:05,False,0,{'id': '17'},"[{'athlete': {'id': '5279130'}}, {'athlete': {'id': '4066261'}}]",2026-03-04T01:34:14Z,True,"{'x': 20, 'y': 3}",2,Missed FG,185.0
401810741322,322,"{'id': '156', 'text': 'Offensive Rebound'}",Nets offensive team rebound,49,61,2,3:05,False,0,{'id': '17'},,2026-03-04T01:34:14Z,False,"{'x': 20, 'y': 3}",0,Rebound,185.0
401810741324,324,"{'id': '128', 'text': 'Driving Finger Roll Layup'}",Nolan Traore misses two point shot,49,61,2,2:59,False,0,{'id': '17'},[{'athlete': {'id': '5279130'}}],2026-03-04T01:34:43Z,True,"{'x': 27, 'y': 1}",2,Missed FG,179.0
401810741325,325,"{'id': '155', 'text': 'Defensive Rebound'}",Bam Adebayo defensive rebound,49,61,2,2:56,False,0,{'id': '14'},[{'athlete': {'id': '4066261'}}],2026-03-04T01:34:45Z,False,"{'x': 27, 'y': 1}",0,Rebound,176.0
401810741326,326,"{'id': '92', 'text': 'Jump Shot'}",Andrew Wiggins misses 25-foot three point jumper,49,61,2,2:41,False,0,{'id': '14'},[{'athlete': {'id': '3059319'}}],2026-03-04T01:35:00Z,True,"{'x': 48, 'y': 11}",3,Missed 3PT,161.0
401810741327,327,"{'id': '155', 'text': 'Defensive Rebound'}",Michael Porter Jr. defensive rebound,49,61,2,2:38,False,0,{'id': '17'},[{'athlete': {'id': '4278104'}}],2026-03-04T01:35:03Z,False,"{'x': 48, 'y': 11}",0,Rebound,158.0
401810741329,329,"{'id': '16', 'text': 'Full Timeout'}",Heat Full timeout,49,61,2,2:30,False,0,{'id': '14'},,2026-03-04T01:35:22Z,False,"{'x': -214748340, 'y': -214748365}",0,Timeout,150.0
401810741332,332,"{'id': '92', 'text': 'Jump Shot'}",Michael Porter Jr. misses 25-foot three point jumper,49,61,2,2:17,False,0,{'id': '17'},[{'athlete': {'id': '4278104'}}],2026-03-04T01:38:57Z,True,"{'x': 27, 'y': 26}",3,Missed 3PT,137.0
401810741333,333,"{'id': '155', 'text': 'Defensive Rebound'}",Heat defensive team rebound,49,61,2,2:14,False,0,{'id': '14'},,2026-03-04T01:39:00Z,False,"{'x': 27, 'y': 26}",0,Rebound,134.0
401810741335,335,"{'id': '96', 'text': 'Dunk Shot'}",Bam Adebayo makes dunk (Pelle Larsson assists),49,63,2,1:54,True,2,{'id': '14'},"[{'athlete': {'id': '4066261'}}, {'athlete': {'id': '4601025'}}]",2026-03-04T01:39:39Z,True,"{'x': 25, 'y': 0}",2,+2 Points,114.0
401810741337,337,"{'id': '110', 'text': 'Driving Layup Shot'}",Andrew Wiggins blocks Nolan Traore 's 6-foot driving layup,49,63,2,1:37,False,0,{'id': '17'},"[{'athlete': {'id': '5279130'}}, {'athlete': {'id': '3059319'}}]",2026-03-04T01:39:57Z,True,"{'x': 21, 'y': 5}",2,Missed FG,97.0
401810741339,339,"{'id': '156', 'text': 'Offensive Rebound'}",Nets offensive team rebound,49,63,2,1:37,False,0,{'id': '17'},,2026-03-04T01:39:57Z,False,"{'x': 21, 'y': 5}",0,Rebound,97.0
401810741341,341,"{'id': '584', 'text': 'Substitution'}",Jaime Jaquez Jr. enters the game for Pelle Larsson,49,63,2,1:37,False,0,{'id': '14'},"[{'athlete': {'id': '4432848'}}, {'athlete': {'id': '4601025'}}]",2026-03-04T01:40:05Z,False,"{'x': -214748340, 'y': -214748365}",0,Substitution,97.0
401810741351,351,"{'id': '70', 'text': 'Shot Clock Turnover'}",shot clock turnover ,49,63,2,1:25,False,0,{'id': '17'},,2026-03-04T01:40:28Z,False,"{'x': 28, 'y': 0}",0,Turnover,85.0
401810741346,346,"{'id': '132', 'text': 'Step Back Jump Shot'}",Andrew Wiggins makes 19-foot step back jumpshot,49,65,2,1:16,True,2,{'id': '14'},[{'athlete': {'id': '3059319'}}],2026-03-04T01:40:50Z,True,"{'x': 6, 'y': 6}",2,+2 Points,76.0
401810741347,347,"{'id': '132', 'text': 'Step Back Jump Shot'}",Nolan Traore makes 26-foot three point step back jumpshot,52,65,2,1:03,True,3,{'id': '17'},[{'athlete': {'id': '5279130'}}],2026-03-04T01:41:04Z,True,"{'x': 11, 'y': 22}",3,+3 Points,63.0
401810741348,348,"{'id': '44', 'text': 'Shooting Foul'}",Nic Claxton shooting foul,52,65,2,47.3,False,0,{'id': '17'},[{'athlete': {'id': '4278067'}}],2026-03-04T01:41:22Z,False,"{'x': 12, 'y': 1}",0,Foul,47.3
401810741350,350,"{'id': '98', 'text': 'Free Throw - 1 of 2'}",Tyler Herro makes free throw 1 of 2,52,66,2,47.3,True,1,{'id': '14'},[{'athlete': {'id': '4395725'}}],2026-03-04T01:41:55Z,True,"{'x': -214748340, 'y': -214748365}",1,+1 Point,47.3
401810741352,352,"{'id': '99', 'text': 'Free Throw - 2 of 2'}",Tyler Herro makes free throw 2 of 2,52,67,2,47.3,True,1,{'id': '14'},[{'athlete': {'id': '4395725'}}],2026-03-04T01:42:18Z,True,"{'x': -214748340, 'y': -214748365}",1,+1 Point,47.3
401810741353,353,"{'id': '45', 'text': 'Personal Foul'}",Davion Mitchell personal foul,52,67,2,42.2,False,0,{'id': '14'},[{'athlete': {'id': '4278053'}}],2026-03-04T01:42:27Z,False,"{'x': 45, 'y': 18}",0,Foul,42.2
401810741355,355,"{'id': '98', 'text': 'Free Throw - 1 of 2'}",Nolan Traore makes free throw 1 of 2,53,67,2,42.2,True,1,{'id': '17'},[{'athlete': {'id': '5279130'}}],2026-03-04T01:42:45Z,True,"{'x': -214748340, 'y': -214748365}",1,+1 Point,42.2
401810741356,356,"{'id': '584', 'text': 'Substitution'}",Kasparas Jakucionis enters the game for Davion Mitchell,53,67,2,42.2,False,0,{'id': '14'},"[{'athlete': {'id': '5214640'}}, {'athlete': {'id': '4278053'}}]",2026-03-04T01:42:51Z,False,"{'x': -214748340, 'y': -214748365}",0,Substitution,42.2
401810741358,358,"{'id': '99', 'text': 'Free Throw - 2 of 2'}",Nolan Traore makes free throw 2 of 2,54,67,2,42.2,True,1,{'id': '17'},[{'athlete': {'id': '5279130'}}],2026-03-04T01:43:06Z,True,"{'x': -214748340, 'y': -214748365}",1,+1 Point,42.2
401810741359,359,"{'id': '92', 'text': 'Jump Shot'}",Tyler Herro misses 28-foot three point jumper,54,67,2,34.8,False,0,{'id': '14'},[{'athlete': {'id': '4395725'}}],2026-03-04T01:43:16Z,True,"{'x': 35, 'y': 27}",3,Missed 3PT,34.8
401810741360,360,"{'id': '155', 'text': 'Defensive Rebound'}",Nolan Traore defensive rebound,54,67,2,30.8,False,0,{'id': '17'},[{'athlete': {'id': '5279130'}}],2026-03-04T01:43:20Z,False,"{'x': 35, 'y': 27}",0,Rebound,30.8
401810741361,361,"{'id': '144', 'text': 'Driving Floating Jump Shot'}",Nolan Traore misses driving floating jump shot,54,67,2,11.8,False,0,{'id': '17'},[{'athlete': {'id': '5279130'}}],2026-03-04T01:43:39Z,True,"{'x': 24, 'y': 9}",2,Missed FG,11.8
401810741362,362,"{'id': '155', 'text': 'Defensive Rebound'}",Andrew Wiggins defensive rebound,54,67,2,8.8,False,0,{'id': '14'},[{'athlete': {'id': '3059319'}}],2026-03-04T01:43:42Z,False,"{'x': 24, 'y': 9}",0,Rebound,8.8
401810741363,363,"{'id': '116', 'text': 'Running Dunk Shot'}",Andrew Wiggins makes running dunk (Kasparas Jakucionis assists),54,69,2,4.4,True,2,{'id': '14'},"[{'athlete': {'id': '3059319'}}, {'athlete': {'id': '5214640'}}]",2026-03-04T01:43:48Z,True,"{'x': 25, 'y': 1}",2,+2 Points,4.4
401810741365,365,"{'id': '87', 'text': 'Out of Bounds - Lost Ball Turnover'}",Nolan Traore out of bounds lost ball turnover,54,69,2,0.2,False,0,{'id': '17'},[{'athlete': {'id': '5279130'}}],2026-03-04T01:43:57Z,False,"{'x': 13, 'y': 19}",0,Turnover,0.2
401810741366,366,"{'id': '412', 'text': 'End Period'}",End of the 2nd Quarter,54,69,2,0.0,False,0,,,2026-03-04T01:44:07Z,False,"{'x': -214748340, 'y': -214748365}",0,Halftime,0.0
401810741367,367,"{'id': '584', 'text': 'Substitution'}",Pelle Larsson enters the game for Jaime Jaquez Jr.,54,69,3,12:00,False,0,{'id': '14'},"[{'athlete': {'id': '4601025'}}, {'athlete': {'id': '4432848'}}]",2026-03-04T01:58:40Z,False,"{'x': -214748340, 'y': -214748365}",0,Substitution,720.0
401810741368,368,"{'id': '584', 'text': 'Substitution'}",Davion Mitchell enters the game for Kasparas Jakucionis,54,69,3,12:00,False,0,{'id': '14'},"[{'athlete': {'id': '4278053'}}, {'athlete': {'id': '5214640'}}]",2026-03-04T01:58:40Z,False,"{'x': -214748340, 'y': -214748365}",0,Substitution,720.0
401810741372,372,"{'id': '92', 'text': 'Jump Shot'}",Tyler Herro blocks Michael Porter Jr. 's 15-foot jumper,54,69,3,11:42,False,0,{'id': '17'},"[{'athlete': {'id': '4278104'}}, {'athlete': {'id': '4395725'}}]",2026-03-04T01:59:56Z,True,"{'x': 16, 'y': 11}",2,Missed FG,702.0
401810741374,374,"{'id': '156', 'text': 'Offensive Rebound'}",Michael Porter Jr. offensive rebound,54,69,3,11:41,False,0,{'id': '17'},[{'athlete': {'id': '4278104'}}],2026-03-04T01:59:57Z,False,"{'x': 16, 'y': 11}",0,Rebound,701.0
401810741375,375,"{'id': '44', 'text': 'Shooting Foul'}",Andrew Wiggins shooting foul,54,69,3,11:41,False,0,{'id': '14'},[{'athlete': {'id': '3059319'}}],2026-03-04T02:00:02Z,False,"{'x': 28, 'y': 1}",0,Foul,701.0
401810741377,377,"{'id': '98', 'text': 'Free Throw - 1 of 2'}",Terance Mann makes free throw 1 of 2,55,69,3,11:41,True,1,{'id': '17'},[{'athlete': {'id': '3907823'}}],2026-03-04T02:00:20Z,True,"{'x': -214748340, 'y': -214748365}",1,+1 Point,701.0
401810741378,378,"{'id': '99', 'text': 'Free Throw - 2 of 2'}",Terance Mann makes free throw 2 of 2,56,69,3,11:41,True,1,{'id': '17'},[{'athlete': {'id': '3907823'}}],2026-03-04T02:00:36Z,True,"{'x': -214748340, 'y': -214748365}",1,+1 Point,701.0
401810741379,379,"{'id': '45', 'text': 'Personal Foul'}",Terance Mann personal foul,56,69,3,11:32,False,0,{'id': '17'},[{'athlete': {'id': '3907823'}}],2026-03-04T02:00:53Z,False,"{'x': 36, 'y': 12}",0,Foul,692.0
401810741381,381,"{'id': '110', 'text': 'Driving Layup Shot'}",Pelle Larsson makes driving layup (Andrew Wiggins assists),56,71,3,11:27,True,2,{'id': '14'},"[{'athlete': {'id': '4601025'}}, {'athlete': {'id': '3059319'}}]",2026-03-04T02:01:12Z,True,"{'x': 24, 'y': 2}",2,+2 Points,687.0
401810741382,382,"{'id': '145', 'text': 'Driving Floating Bank Jump Shot'}",Michael Porter Jr. misses two point shot,56,71,3,11:09,False,0,{'id': '17'},[{'athlete': {'id': '4278104'}}],2026-03-04T02:01:30Z,True,"{'x': 15, 'y': 3}",2,Missed FG,669.0
401810741383,383,"{'id': '155', 'text': 'Defensive Rebound'}",Pelle Larsson defensive rebound,56,71,3,11:07,False,0,{'id': '14'},[{'athlete': {'id': '4601025'}}],2026-03-04T02:01:32Z,False,"{'x': 15, 'y': 3}",0,Rebound,667.0
401810741384,384,"{'id': '113', 'text': 'Running Jump Shot'}",Tyler Herro misses 25-foot running jump shot,56,71,3,11:04,False,0,{'id': '14'},[{'athlete': {'id': '4395725'}}],2026-03-04T02:01:35Z,True,"{'x': 26, 'y': 26}",3,Missed 3PT,664.0
401810741385,385,"{'id': '155', 'text': 'Defensive Rebound'}",Terance Mann defensive rebound,56,71,3,11:01,False,0,{'id': '17'},[{'athlete': {'id': '3907823'}}],2026-03-04T02:01:38Z,False,"{'x': 26, 'y': 26}",0,Rebound,661.0
401810741386,386,"{'id': '128', 'text': 'Driving Finger Roll Layup'}",Michael Porter Jr. misses two point shot,56,71,3,10:52,False,0,{'id': '17'},[{'athlete': {'id': '4278104'}}],2026-03-04T02:01:47Z,True,"{'x': 28, 'y': 6}",2,Missed FG,652.0
401810741388,388,"{'id': '155', 'text': 'Defensive Rebound'}",Bam Adebayo defensive rebound,56,71,3,10:52,False,0,{'id': '14'},[{'athlete': {'id': '4066261'}}],2026-03-04T02:01:47Z,False,"{'x': 28, 'y': 6}",0,Rebound,652.0
401810741389,389,"{'id': '93', 'text': 'Hook Shot'}",Bam Adebayo misses 3-foot hook shot,56,71,3,10:36,False,0,{'id': '14'},[{'athlete': {'id': '4066261'}}],2026-03-04T02:02:02Z,True,"{'x': 29, 'y': 1}",2,Missed FG,636.0
401810741390,390,"{'id': '155', 'text': 'Defensive Rebound'}",Nic Claxton defensive rebound,56,71,3,10:36,False,0,{'id': '17'},[{'athlete': {'id': '4278067'}}],2026-03-04T02:02:02Z,False,"{'x': 29, 'y': 1}",0,Rebound,636.0
401810741391,391,"{'id': '113', 'text': 'Running Jump Shot'}",Terance Mann misses 22-foot running jump shot,56,71,3,10:30,False,0,{'id': '17'},[{'athlete': {'id': '3907823'}}],2026-03-04T02:02:08Z,True,"{'x': 2, 'y': -1}",3,Missed 3PT,630.0
401810741392,392,"{'id': '156', 'text': 'Offensive Rebound'}",Terance Mann offensive rebound,56,71,3,10:27,False,0,{'id': '17'},[{'athlete': {'id': '3907823'}}],2026-03-04T02:02:12Z,False,"{'x': 2, 'y': -1}",0,Rebound,627.0
401810741393,393,"{'id': '128', 'text': 'Driving Finger Roll Layup'}",Nolan Traore makes 1-foot two point shot (Terance Mann assists),58,71,3,10:22,True,2,{'id': '17'},"[{'athlete': {'id': '5279130'}}, {'athlete': {'id': '3907823'}}]",2026-03-04T02:02:16Z,True,"{'x': 26, 'y': 1}",2,+2 Points,622.0
401810741395,395,"{'id': '92', 'text': 'Jump Shot'}",Davion Mitchell makes 22-foot three point jumper (Bam Adebayo assists),58,74,3,10:02,True,3,{'id': '14'},"[{'athlete': {'id': '4278053'}}, {'athlete': {'id': '4066261'}}]",2026-03-04T02:02:36Z,True,"{'x': 48, 'y': -1}",3,+3 Points,602.0
401810741397,397,"{'id': '92', 'text': 'Jump Shot'}",Michael Porter Jr. misses 24-foot three point jumper,58,74,3,9:43,False,0,{'id': '17'},[{'athlete': {'id': '4278104'}}],2026-03-04T02:02:55Z,True,"{'x': 8, 'y': 18}",3,Missed 3PT,583.0
401810741398,398,"{'id': '155', 'text': 'Defensive Rebound'}",Tyler Herro defensive rebound,58,74,3,9:39,False,0,{'id': '14'},[{'athlete': {'id': '4395725'}}],2026-03-04T02:02:59Z,False,"{'x': 8, 'y': 18}",0,Rebound,579.0
401810741399,399,"{'id': '109', 'text': 'Running Layup Shot'}",Bam Adebayo makes running layup (Tyler Herro assists),58,76,3,9:34,True,2,{'id': '14'},"[{'athlete': {'id': '4066261'}}, {'athlete': {'id': '4395725'}}]",2026-03-04T02:03:04Z,True,"{'x': 26, 'y': 2}",2,+2 Points,574.0
401810741402,402,"{'id': '35', 'text': 'Technical Foul'}",Bam Adebayo technical foul,58,76,3,9:33,False,0,{'id': '14'},[{'athlete': {'id': '4066261'}}],2026-03-04T02:03:33Z,False,"{'x': 26, 'y': 5}",0,Foul,573.0
401810741403,403,"{'id': '103', 'text': 'Free Throw - Technical'}",Noah Clowney makes technical free throw,59,76,3,9:33,True,1,{'id': '17'},[{'athlete': {'id': '4712896'}}],2026-03-04T02:03:43Z,True,"{'x': -214748340, 'y': -214748365}",1,+1 Point,573.0
401810741404,404,"{'id': '584', 'text': 'Substitution'}",Ziaire Williams enters the game for Michael Porter Jr.,59,76,3,9:33,False,0,{'id': '17'},"[{'athlete': {'id': '4433137'}}, {'athlete': {'id': '4278104'}}]",2026-03-04T02:03:47Z,False,"{'x': -214748340, 'y': -214748365}",0,Substitution,573.0
401810741406,406,"{'id': '90', 'text': 'Out of Bounds - Bad Pass Turnover'}",Nolan Traore out of bounds bad pass turnover,59,76,3,9:20,False,0,{'id': '17'},[{'athlete': {'id': '5279130'}}],2026-03-04T02:04:14Z,False,"{'x': 45, 'y': 8}",0,Turnover,560.0
401810741407,407,"{'id': '110', 'text': 'Driving Layup Shot'}",Terance Mann blocks Tyler Herro 's 8-foot driving layup,59,76,3,9:04,False,0,{'id': '14'},"[{'athlete': {'id': '4395725'}}, {'athlete': {'id': '3907823'}}]",2026-03-04T02:04:35Z,True,"{'x': 19, 'y': 6}",2,Missed FG,544.0
401810741409,409,"{'id': '155', 'text': 'Defensive Rebound'}",Noah Clowney defensive rebound,59,76,3,9:00,False,0,{'id': '17'},[{'athlete': {'id': '4712896'}}],2026-03-04T02:04:39Z,False,"{'x': 19, 'y': 6}",0,Rebound,540.0
401810741410,410,"{'id': '119', 'text': 'Driving Hook Shot'}",Nic Claxton makes 4-foot two point shot (Terance Mann assists),61,76,3,8:48,True,2,{'id': '17'},"[{'athlete': {'id': '4278067'}}, {'athlete': {'id': '3907823'}}]",2026-03-04T02:04:52Z,True,"{'x': 25, 'y': 5}",2,+2 Points,528.0
401810741412,412,"{'id': '92', 'text': 'Jump Shot'}",Bam Adebayo misses 25-foot three point jumper,61,76,3,8:39,False,0,{'id': '14'},[{'athlete': {'id': '4066261'}}],2026-03-04T02:05:00Z,True,"{'x': 27, 'y': 26}",3,Missed 3PT,519.0
401810741413,413,"{'id': '155', 'text': 'Defensive Rebound'}",Noah Clowney defensive rebound,61,76,3,8:37,False,0,{'id': '17'},[{'athlete': {'id': '4712896'}}],2026-03-04T02:05:02Z,False,"{'x': 27, 'y': 26}",0,Rebound,517.0
401810741414,414,"{'id': '44', 'text': 'Shooting Foul'}",Pelle Larsson shooting foul,61,76,3,8:29,False,0,{'id': '14'},[{'athlete': {'id': '4601025'}}],2026-03-04T02:05:12Z,False,"{'x': 26, 'y': 7}",0,Foul,509.0
401810741416,416,"{'id': '98', 'text': 'Free Throw - 1 of 2'}",Ziaire Williams misses free throw 1 of 2,61,76,3,8:29,False,0,{'id': '17'},[{'athlete': {'id': '4433137'}}],2026-03-04T02:05:46Z,True,"{'x': -214748340, 'y': -214748365}",1,Missed FT,509.0
401810741417,417,"{'id': '156', 'text': 'Offensive Rebound'}",Nets offensive team rebound,61,76,3,8:29,False,0,{'id': '17'},,2026-03-04T02:05:46Z,False,"{'x': -214748340, 'y': -214748365}",0,Rebound,509.0
401810741418,418,"{'id': '99', 'text': 'Free Throw - 2 of 2'}",Ziaire Williams makes free throw 2 of 2,62,76,3,8:29,True,1,{'id': '17'},[{'athlete': {'id': '4433137'}}],2026-03-04T02:06:08Z,True,"{'x': -214748340, 'y': -214748365}",1,+1 Point,509.0
401810741419,419,"{'id': '45', 'text': 'Personal Foul'}",Ziaire Williams personal foul,62,76,3,8:23,False,0,{'id': '17'},[{'athlete': {'id': '4433137'}}],2026-03-04T02:06:18Z,False,"{'x': 23, 'y': 21}",0,Foul,503.0
401810741421,421,"{'id': '92', 'text': 'Jump Shot'}",Bam Adebayo misses 22-foot three point jumper,62,76,3,8:14,False,0,{'id': '14'},[{'athlete': {'id': '4066261'}}],2026-03-04T02:06:41Z,True,"{'x': 48, 'y': 2}",3,Missed 3PT,494.0
401810741422,422,"{'id': '156', 'text': 'Offensive Rebound'}",Tyler Herro offensive rebound,62,76,3,8:11,False,0,{'id': '14'},[{'athlete': {'id': '4395725'}}],2026-03-04T02:06:44Z,False,"{'x': 48, 'y': 2}",0,Rebound,491.0
401810741423,423,"{'id': '90', 'text': 'Out of Bounds - Bad Pass Turnover'}",Andrew Wiggins out of bounds bad pass turnover,62,76,3,8:06,False,0,{'id': '14'},[{'athlete': {'id': '3059319'}}],2026-03-04T02:06:50Z,False,"{'x': 32, 'y': 3}",0,Turnover,486.0
401810741424,424,"{'id': '24', 'text': 'Offensive Charge'}",Noah Clowney offensive charge,62,76,3,7:56,False,0,{'id': '17'},[{'athlete': {'id': '4712896'}}],2026-03-04T02:07:13Z,False,"{'x': 29, 'y': 6}",0,Foul,476.0
401810741426,426,"{'id': '84', 'text': 'Offensive Foul Turnover'}",Noah Clowney offensive foul turnover,62,76,3,7:56,False,0,{'id': '17'},[{'athlete': {'id': '4712896'}}],2026-03-04T02:07:13Z,False,"{'x': 29, 'y': 6}",0,Turnover,476.0
401810741427,427,"{'id': '92', 'text': 'Jump Shot'}",Pelle Larsson misses 25-foot three point jumper,62,76,3,7:41,False,0,{'id': '14'},[{'athlete': {'id': '4601025'}}],2026-03-04T02:07:41Z,True,"{'x': 35, 'y': 24}",3,Missed 3PT,461.0
401810741428,428,"{'id': '155', 'text': 'Defensive Rebound'}",Nolan Traore defensive rebound,62,76,3,7:37,False,0,{'id': '17'},[{'athlete': {'id': '5279130'}}],2026-03-04T02:07:45Z,False,"{'x': 35, 'y': 24}",0,Rebound,457.0
401810741429,429,"{'id': '146', 'text': 'Running Pullup Jump Shot'}",Andrew Wiggins blocks Ziaire Williams 's 11-foot running pullup jump shot,62,76,3,7:32,False,0,{'id': '17'},"[{'athlete': {'id': '4433137'}}, {'athlete': {'id': '3059319'}}]",2026-03-04T02:07:50Z,True,"{'x': 26, 'y': 12}",2,Missed FG,452.0
401810741431,431,"{'id': '155', 'text': 'Defensive Rebound'}",Tyler Herro defensive rebound,62,76,3,7:29,False,0,{'id': '14'},[{'athlete': {'id': '4395725'}}],2026-03-04T02:07:53Z,False,"{'x': 26, 'y': 12}",0,Rebound,449.0
401810741432,432,"{'id': '92', 'text': 'Jump Shot'}",Tyler Herro misses 26-foot three point jumper,62,76,3,7:23,False,0,{'id': '14'},[{'athlete': {'id': '4395725'}}],2026-03-04T02:07:59Z,True,"{'x': 31, 'y': 26}",3,Missed 3PT,443.0
401810741433,433,"{'id': '156', 'text': 'Offensive Rebound'}",Heat offensive team rebound,62,76,3,7:21,False,0,{'id': '14'},,2026-03-04T02:08:01Z,False,"{'x': 31, 'y': 26}",0,Rebound,441.0
401810741434,434,"{'id': '43', 'text': 'Loose Ball Foul'}",Terance Mann loose ball foul,62,76,3,7:21,False,0,{'id': '17'},[{'athlete': {'id': '3907823'}}],2026-03-04T02:08:06Z,False,"{'x': 25, 'y': 2}",0,Foul,441.0
401810741436,436,"{'id': '62', 'text': 'Bad Pass\nTurnover'}","Tyler Herro bad pass
turnover (Ziaire Williams steals)",62,76,3,7:19,False,0,{'id': '14'},"[{'athlete': {'id': '4395725'}}, {'athlete': {'id': '4433137'}}]",2026-03-04T02:08:28Z,False,"{'x': 3, 'y': 19}",0,Turnover,439.0
401810741438,438,"{'id': '45', 'text': 'Personal Foul'}",Bam Adebayo personal foul,62,76,3,7:19,False,0,{'id': '14'},[{'athlete': {'id': '4066261'}}],2026-03-04T02:08:34Z,False,"{'x': 37, 'y': -2}",0,Foul,439.0
401810741440,440,"{'id': '92', 'text': 'Jump Shot'}",Nolan Traore misses 24-foot three point jumper,62,76,3,7:07,False,0,{'id': '17'},[{'athlete': {'id': '5279130'}}],2026-03-04T02:08:59Z,True,"{'x': 5, 'y': 15}",3,Missed 3PT,427.0
401810741441,441,"{'id': '155', 'text': 'Defensive Rebound'}",Andrew Wiggins defensive rebound,62,76,3,7:03,False,0,{'id': '14'},[{'athlete': {'id': '3059319'}}],2026-03-04T02:09:03Z,False,"{'x': 5, 'y': 15}",0,Rebound,423.0
401810741442,442,"{'id': '144', 'text': 'Driving Floating Jump Shot'}",Tyler Herro makes 5-foot driving floating jump shot (Andrew Wiggins assists),62,78,3,6:55,True,2,{'id': '14'},"[{'athlete': {'id': '4395725'}}, {'athlete': {'id': '3059319'}}]",2026-03-04T02:09:11Z,True,"{'x': 29, 'y': 4}",2,+2 Points,415.0
401810741444,444,"{'id': '16', 'text': 'Full Timeout'}",Heat Full timeout,62,78,3,6:39,False,0,{'id': '14'},,2026-03-04T02:09:57Z,False,"{'x': -214748340, 'y': -214748365}",0,Timeout,399.0
401810741445,445,"{'id': '584', 'text': 'Substitution'}",Ben Saraf enters the game for Nolan Traore,62,78,3,6:39,False,0,{'id': '17'},"[{'athlete': {'id': '5242502'}}, {'athlete': {'id': '5279130'}}]",2026-03-04T02:12:13Z,False,"{'x': -214748340, 'y': -214748365}",0,Substitution,399.0
401810741447,447,"{'id': '615', 'text': 'Jumpball'}",Noah Clowney vs. Pelle Larsson (Terance Mann gains possession),62,78,3,6:36,False,0,{'id': '17'},"[{'athlete': {'id': '4712896'}}, {'athlete': {'id': '4601025'}}, {'athlete': {'id': '3907823'}}]",2026-03-04T02:12:48Z,False,"{'x': -214748340, 'y': -214748365}",0,Jump Ball,396.0
401810741450,450,"{'id': '120', 'text': 'Turnaround Hook Shot'}",Nic Claxton misses 5-foot two point shot,62,78,3,6:29,False,0,{'id': '17'},[{'athlete': {'id': '4278067'}}],2026-03-04T02:12:55Z,True,"{'x': 25, 'y': 6}",2,Missed FG,389.0
401810741451,451,"{'id': '155', 'text': 'Defensive Rebound'}",Bam Adebayo defensive rebound,62,78,3,6:26,False,0,{'id': '14'},[{'athlete': {'id': '4066261'}}],2026-03-04T02:12:58Z,False,"{'x': 25, 'y': 6}",0,Rebound,386.0
401810741452,452,"{'id': '90', 'text': 'Out of Bounds - Bad Pass Turnover'}",Tyler Herro out of bounds bad pass turnover,62,78,3,6:18,False,0,{'id': '14'},[{'athlete': {'id': '4395725'}}],2026-03-04T02:13:07Z,False,"{'x': 17, 'y': 15}",0,Turnover,378.0
401810741453,453,"{'id': '584', 'text': 'Substitution'}",Danny Wolf enters the game for Noah Clowney,62,78,3,6:18,False,0,{'id': '17'},"[{'athlete': {'id': '5107173'}}, {'athlete': {'id': '4712896'}}]",2026-03-04T02:13:12Z,False,"{'x': -214748340, 'y': -214748365}",0,Substitution,378.0
401810741455,455,"{'id': '144', 'text': 'Driving Floating Jump Shot'}",Ziaire Williams misses driving floating jump shot,62,78,3,5:58,False,0,{'id': '17'},[{'athlete': {'id': '4433137'}}],2026-03-04T02:13:48Z,True,"{'x': 23, 'y': 5}",2,Missed FG,358.0
401810741456,456,"{'id': '155', 'text': 'Defensive Rebound'}",Heat defensive team rebound,62,78,3,5:58,False,0,{'id': '14'},,2026-03-04T02:13:48Z,False,"{'x': 23, 'y': 5}",0,Rebound,358.0
401810741458,458,"{'id': '584', 'text': 'Substitution'}",Jaime Jaquez Jr. enters the game for Pelle Larsson,62,78,3,5:58,False,0,{'id': '14'},"[{'athlete': {'id': '4432848'}}, {'athlete': {'id': '4601025'}}]",2026-03-04T02:13:56Z,False,"{'x': -214748340, 'y': -214748365}",0,Substitution,358.0
401810741459,459,"{'id': '584', 'text': 'Substitution'}",Kel'el Ware enters the game for Bam Adebayo,62,78,3,5:58,False,0,{'id': '14'},"[{'athlete': {'id': '5105623'}}, {'athlete': {'id': '4066261'}}]",2026-03-04T02:13:56Z,False,"{'x': -214748340, 'y': -214748365}",0,Substitution,358.0
401810741460,460,"{'id': '584', 'text': 'Substitution'}",Day'Ron Sharpe enters the game for Nic Claxton,62,78,3,5:58,False,0,{'id': '17'},"[{'athlete': {'id': '4432194'}}, {'athlete': {'id': '4278067'}}]",2026-03-04T02:13:56Z,False,"{'x': -214748340, 'y': -214748365}",0,Substitution,358.0
401810741464,464,"{'id': '16', 'text': 'Full Timeout'}",Heat Full timeout,62,78,3,5:58,False,0,{'id': '14'},,2026-03-04T02:14:17Z,False,"{'x': -214748340, 'y': -214748365}",0,Timeout,358.0
401810741466,466,"{'id': '215', 'text': ""Coach's Challenge (Overturned)""}",(05:58) [Heat] COACH'S CHALLENGE (CALL OVERTURNED) [Heat] retain their timeout,62,78,3,5:58,False,0,{'id': '14'},,2026-03-04T02:15:05Z,False,"{'x': -214748340, 'y': -214748365}",0,Challenge,358.0
401810741467,467,"{'id': '92', 'text': 'Jump Shot'}",Andrew Wiggins misses 26-foot three point jumper,62,78,3,5:42,False,0,{'id': '14'},[{'athlete': {'id': '3059319'}}],2026-03-04T02:17:32Z,True,"{'x': 36, 'y': 25}",3,Missed 3PT,342.0
401810741468,468,"{'id': '156', 'text': 'Offensive Rebound'}",Jaime Jaquez Jr. offensive rebound,62,78,3,5:40,False,0,{'id': '14'},[{'athlete': {'id': '4432848'}}],2026-03-04T02:17:34Z,False,"{'x': 36, 'y': 25}",0,Rebound,340.0
401810741470,470,"{'id': '24', 'text': 'Offensive Charge'}",Kel'el Ware offensive charge,62,78,3,5:32,False,0,{'id': '14'},[{'athlete': {'id': '5105623'}}],2026-03-04T02:18:03Z,False,"{'x': 23, 'y': 4}",0,Foul,332.0
401810741472,472,"{'id': '84', 'text': 'Offensive Foul Turnover'}",Kel'el Ware offensive foul turnover,62,78,3,5:32,False,0,{'id': '14'},[{'athlete': {'id': '5105623'}}],2026-03-04T02:18:03Z,False,"{'x': 23, 'y': 4}",0,Turnover,332.0
401810741473,473,"{'id': '92', 'text': 'Jump Shot'}",Danny Wolf misses 23-foot three point jumper,62,78,3,5:14,False,0,{'id': '17'},[{'athlete': {'id': '5107173'}}],2026-03-04T02:18:49Z,True,"{'x': 48, 'y': 0}",3,Missed 3PT,314.0
401810741474,474,"{'id': '155', 'text': 'Defensive Rebound'}",Davion Mitchell defensive rebound,62,78,3,5:11,False,0,{'id': '14'},[{'athlete': {'id': '4278053'}}],2026-03-04T02:18:52Z,False,"{'x': 48, 'y': 0}",0,Rebound,311.0
401810741479,479,"{'id': '584', 'text': 'Substitution'}",Josh Minott enters the game for Terance Mann,62,78,3,5:10,False,0,{'id': '17'},"[{'athlete': {'id': '4687718'}}, {'athlete': {'id': '3907823'}}]",2026-03-04T02:19:05Z,False,"{'x': -214748340, 'y': -214748365}",0,Substitution,310.0
401810741481,481,"{'id': '92', 'text': 'Jump Shot'}",Jaime Jaquez Jr. misses 25-foot three point jumper,62,78,3,4:51,False,0,{'id': '14'},[{'athlete': {'id': '4432848'}}],2026-03-04T02:19:34Z,True,"{'x': 27, 'y': 26}",3,Missed 3PT,291.0
401810741482,482,"{'id': '156', 'text': 'Offensive Rebound'}",Kel'el Ware offensive rebound,62,78,3,4:45,False,0,{'id': '14'},[{'athlete': {'id': '5105623'}}],2026-03-04T02:19:40Z,False,"{'x': 27, 'y': 26}",0,Rebound,285.0
401810741483,483,"{'id': '126', 'text': 'Layup Driving Reverse'}",Danny Wolf blocks Jaime Jaquez Jr. 's 2-foot two point shot,62,78,3,4:41,False,0,{'id': '14'},"[{'athlete': {'id': '4432848'}}, {'athlete': {'id': '5107173'}}]",2026-03-04T02:19:43Z,True,"{'x': 28, 'y': 0}",2,Missed FG,281.0
401810741485,485,"{'id': '155', 'text': 'Defensive Rebound'}",Danny Wolf defensive rebound,62,78,3,4:39,False,0,{'id': '17'},[{'athlete': {'id': '5107173'}}],2026-03-04T02:19:45Z,False,"{'x': 28, 'y': 0}",0,Rebound,279.0
401810741486,486,"{'id': '92', 'text': 'Jump Shot'}",Ziaire Williams makes 24-foot three point jumper (Danny Wolf assists),65,78,3,4:32,True,3,{'id': '17'},"[{'athlete': {'id': '4433137'}}, {'athlete': {'id': '5107173'}}]",2026-03-04T02:19:53Z,True,"{'x': 6, 'y': 15}",3,+3 Points,272.0
401810741488,488,"{'id': '92', 'text': 'Jump Shot'}",Kel'el Ware misses 25-foot three point jumper,65,78,3,4:22,False,0,{'id': '14'},[{'athlete': {'id': '5105623'}}],2026-03-04T02:20:03Z,True,"{'x': 21, 'y': 26}",3,Missed 3PT,262.0
401810741489,489,"{'id': '156', 'text': 'Offensive Rebound'}",Andrew Wiggins offensive rebound,65,78,3,4:17,False,0,{'id': '14'},[{'athlete': {'id': '3059319'}}],2026-03-04T02:20:08Z,False,"{'x': 21, 'y': 26}",0,Rebound,257.0
401810741490,490,"{'id': '62', 'text': 'Bad Pass\nTurnover'}","Tyler Herro bad pass
turnover (Josh Minott steals)",65,78,3,4:15,False,0,{'id': '14'},"[{'athlete': {'id': '4395725'}}, {'athlete': {'id': '4687718'}}]",2026-03-04T02:20:10Z,False,"{'x': 3, 'y': 4}",0,Turnover,255.0
401810741492,492,"{'id': '45', 'text': 'Personal Foul'}",Andrew Wiggins personal foul,65,78,3,4:06,False,0,{'id': '14'},[{'athlete': {'id': '3059319'}}],2026-03-04T02:20:20Z,False,"{'x': 20, 'y': 11}",0,Foul,246.0
401810741494,494,"{'id': '92', 'text': 'Jump Shot'}",Danny Wolf misses 26-foot three point jumper,65,78,3,4:00,False,0,{'id': '17'},[{'athlete': {'id': '5107173'}}],2026-03-04T02:20:53Z,True,"{'x': 24, 'y': 27}",3,Missed 3PT,240.0
401810741495,495,"{'id': '156', 'text': 'Offensive Rebound'}",Day'Ron Sharpe offensive rebound,65,78,3,3:55,False,0,{'id': '17'},[{'athlete': {'id': '4432194'}}],2026-03-04T02:20:58Z,False,"{'x': 24, 'y': 27}",0,Rebound,235.0
401810741496,496,"{'id': '151', 'text': 'Cutting Dunk Shot'}",Day'Ron Sharpe makes 1-foot dunk (Danny Wolf assists),67,78,3,3:48,True,2,{'id': '17'},"[{'athlete': {'id': '4432194'}}, {'athlete': {'id': '5107173'}}]",2026-03-04T02:21:05Z,True,"{'x': 26, 'y': 2}",2,+2 Points,228.0
401810741498,498,"{'id': '121', 'text': 'Fade Away Jump Shot'}",Andrew Wiggins misses 18-foot fade away jump shot,67,78,3,3:23,False,0,{'id': '14'},[{'athlete': {'id': '3059319'}}],2026-03-04T02:21:31Z,True,"{'x': 35, 'y': 15}",2,Missed FG,203.0
401810741499,499,"{'id': '155', 'text': 'Defensive Rebound'}",Day'Ron Sharpe defensive rebound,67,78,3,3:19,False,0,{'id': '17'},[{'athlete': {'id': '4432194'}}],2026-03-04T02:21:35Z,False,"{'x': 35, 'y': 15}",0,Rebound,199.0
401810741500,500,"{'id': '62', 'text': 'Bad Pass\nTurnover'}","Ben Saraf bad pass
turnover (Kel'el Ware steals)",67,78,3,3:12,False,0,{'id': '17'},"[{'athlete': {'id': '5242502'}}, {'athlete': {'id': '5105623'}}]",2026-03-04T02:21:40Z,False,"{'x': 20, 'y': 8}",0,Turnover,192.0
401810741502,502,"{'id': '109', 'text': 'Running Layup Shot'}",Jaime Jaquez Jr. makes running layup,67,80,3,3:06,True,2,{'id': '14'},[{'athlete': {'id': '4432848'}}],2026-03-04T02:21:46Z,True,"{'x': 25, 'y': 0}",2,+2 Points,186.0
401810741503,503,"{'id': '92', 'text': 'Jump Shot'}",Ziaire Williams misses 25-foot three point jumper,67,80,3,2:52,False,0,{'id': '17'},[{'athlete': {'id': '4433137'}}],2026-03-04T02:22:01Z,True,"{'x': 43, 'y': 18}",3,Missed 3PT,172.0
401810741504,504,"{'id': '155', 'text': 'Defensive Rebound'}",Jaime Jaquez Jr. defensive rebound,67,80,3,2:47,False,0,{'id': '14'},[{'athlete': {'id': '4432848'}}],2026-03-04T02:22:06Z,False,"{'x': 43, 'y': 18}",0,Rebound,167.0
401810741505,505,"{'id': '110', 'text': 'Driving Layup Shot'}",Josh Minott blocks Jaime Jaquez Jr.'s driving layup,67,80,3,2:40,False,0,{'id': '14'},"[{'athlete': {'id': '4432848'}}, {'athlete': {'id': '4687718'}}]",2026-03-04T02:22:13Z,True,"{'x': 25, 'y': 4}",2,Missed FG,160.0
401810741506,506,"{'id': '155', 'text': 'Defensive Rebound'}",Josh Minott defensive rebound,67,80,3,2:37,False,0,{'id': '17'},[{'athlete': {'id': '4687718'}}],2026-03-04T02:22:16Z,False,"{'x': 25, 'y': 4}",0,Rebound,157.0
401810741507,507,"{'id': '109', 'text': 'Running Layup Shot'}",Ben Saraf makes running layup (Ziaire Williams assists),69,80,3,2:36,True,2,{'id': '17'},"[{'athlete': {'id': '5242502'}}, {'athlete': {'id': '4433137'}}]",2026-03-04T02:22:17Z,True,"{'x': 24, 'y': 1}",2,+2 Points,156.0
401810741509,509,"{'id': '92', 'text': 'Jump Shot'}",Tyler Herro makes 25-foot three point jumper (Davion Mitchell assists),69,83,3,2:22,True,3,{'id': '14'},"[{'athlete': {'id': '4395725'}}, {'athlete': {'id': '4278053'}}]",2026-03-04T02:22:30Z,True,"{'x': 42, 'y': 20}",3,+3 Points,142.0
401810741511,511,"{'id': '62', 'text': 'Bad Pass\nTurnover'}","Danny Wolf bad pass
turnover (Kel'el Ware steals)",69,83,3,2:10,False,0,{'id': '17'},"[{'athlete': {'id': '5107173'}}, {'athlete': {'id': '5105623'}}]",2026-03-04T02:22:43Z,False,"{'x': 33, 'y': 6}",0,Turnover,130.0
401810741513,513,"{'id': '146', 'text': 'Running Pullup Jump Shot'}",Tyler Herro makes 13-foot running pullup jump shot,69,85,3,2:03,True,2,{'id': '14'},[{'athlete': {'id': '4395725'}}],2026-03-04T02:22:50Z,True,"{'x': 21, 'y': 13}",2,+2 Points,123.0
401810741514,514,"{'id': '119', 'text': 'Driving Hook Shot'}",Danny Wolf misses 4-foot two point shot,69,85,3,1:40,False,0,{'id': '17'},[{'athlete': {'id': '5107173'}}],2026-03-04T02:23:12Z,True,"{'x': 25, 'y': 4}",2,Missed FG,100.0
401810741515,515,"{'id': '156', 'text': 'Offensive Rebound'}",Day'Ron Sharpe offensive rebound,69,85,3,1:39,False,0,{'id': '17'},[{'athlete': {'id': '4432194'}}],2026-03-04T02:23:14Z,False,"{'x': 25, 'y': 4}",0,Rebound,99.0
401810741516,516,"{'id': '125', 'text': 'Layup Shot Putback'}",Day'Ron Sharpe makes two point shot,71,85,3,1:38,True,2,{'id': '17'},[{'athlete': {'id': '4432194'}}],2026-03-04T02:23:15Z,True,"{'x': 25, 'y': 0}",2,+2 Points,98.0
401810741517,517,"{'id': '132', 'text': 'Step Back Jump Shot'}",Davion Mitchell makes 25-foot three point step back jumpshot (Andrew Wiggins assists),71,88,3,1:21,True,3,{'id': '14'},"[{'athlete': {'id': '4278053'}}, {'athlete': {'id': '3059319'}}]",2026-03-04T02:23:31Z,True,"{'x': 21, 'y': 25}",3,+3 Points,81.0
401810741519,519,"{'id': '45', 'text': 'Personal Foul'}",Tyler Herro personal foul,71,88,3,1:01,False,0,{'id': '14'},[{'athlete': {'id': '4395725'}}],2026-03-04T02:23:54Z,False,"{'x': 15, 'y': 2}",0,Foul,61.0
401810741521,521,"{'id': '98', 'text': 'Free Throw - 1 of 2'}",Ziaire Williams makes free throw 1 of 2,72,88,3,1:01,True,1,{'id': '17'},[{'athlete': {'id': '4433137'}}],2026-03-04T02:24:26Z,True,"{'x': -214748340, 'y': -214748365}",1,+1 Point,61.0
401810741522,522,"{'id': '584', 'text': 'Substitution'}",Kasparas Jakucionis enters the game for Andrew Wiggins,72,88,3,1:01,False,0,{'id': '14'},"[{'athlete': {'id': '5214640'}}, {'athlete': {'id': '3059319'}}]",2026-03-04T02:24:27Z,False,"{'x': -214748340, 'y': -214748365}",0,Substitution,61.0
401810741523,523,"{'id': '584', 'text': 'Substitution'}",Bam Adebayo enters the game for Davion Mitchell,72,88,3,1:01,False,0,{'id': '14'},"[{'athlete': {'id': '4066261'}}, {'athlete': {'id': '4278053'}}]",2026-03-04T02:24:27Z,False,"{'x': -214748340, 'y': -214748365}",0,Substitution,61.0
401810741526,526,"{'id': '99', 'text': 'Free Throw - 2 of 2'}",Ziaire Williams makes free throw 2 of 2,73,88,3,1:01,True,1,{'id': '17'},[{'athlete': {'id': '4433137'}}],2026-03-04T02:24:53Z,True,"{'x': -214748340, 'y': -214748365}",1,+1 Point,61.0
401810741527,527,"{'id': '92', 'text': 'Jump Shot'}",Bam Adebayo misses 23-foot three point jumper,73,88,3,50.1,False,0,{'id': '14'},[{'athlete': {'id': '4066261'}}],2026-03-04T02:25:06Z,True,"{'x': 2, 'y': 2}",3,Missed 3PT,50.1
401810741528,528,"{'id': '156', 'text': 'Offensive Rebound'}",Kel'el Ware offensive rebound,73,88,3,48.6,False,0,{'id': '14'},[{'athlete': {'id': '5105623'}}],2026-03-04T02:25:08Z,False,"{'x': 2, 'y': 2}",0,Rebound,48.6
401810741529,529,"{'id': '63', 'text': 'Lost Ball Turnover'}",Kel'el Ware lost ball turnover (Ziaire Williams steals),73,88,3,42.8,False,0,{'id': '14'},"[{'athlete': {'id': '5105623'}}, {'athlete': {'id': '4433137'}}]",2026-03-04T02:25:14Z,False,"{'x': 13, 'y': 2}",0,Turnover,42.8
401810741531,531,"{'id': '109', 'text': 'Running Layup Shot'}",Danny Wolf makes running layup (Day'Ron Sharpe assists),75,88,3,38.4,True,2,{'id': '17'},"[{'athlete': {'id': '5107173'}}, {'athlete': {'id': '4432194'}}]",2026-03-04T02:25:18Z,True,"{'x': 26, 'y': 1}",2,+2 Points,38.4
401810741535,535,"{'id': '584', 'text': 'Substitution'}",Simone Fontecchio enters the game for Tyler Herro,75,88,3,22.4,False,0,{'id': '14'},"[{'athlete': {'id': '3899664'}}, {'athlete': {'id': '4395725'}}]",2026-03-04T02:26:00Z,False,"{'x': -214748340, 'y': -214748365}",0,Substitution,22.4
401810741538,538,"{'id': '92', 'text': 'Jump Shot'}",Simone Fontecchio makes 25-foot three point jumper (Kel'el Ware assists),75,91,3,20.3,True,3,{'id': '14'},"[{'athlete': {'id': '3899664'}}, {'athlete': {'id': '5105623'}}]",2026-03-04T02:26:20Z,True,"{'x': 46, 'y': 14}",3,+3 Points,20.3
401810741540,540,"{'id': '92', 'text': 'Jump Shot'}",Ziaire Williams misses 25-foot three point jumper,75,91,3,1.1,False,0,{'id': '17'},[{'athlete': {'id': '4433137'}}],2026-03-04T02:26:45Z,True,"{'x': 41, 'y': 20}",3,Missed 3PT,1.1
401810741541,541,"{'id': '156', 'text': 'Offensive Rebound'}",Nets offensive team rebound,75,91,3,1.1,False,0,{'id': '17'},,2026-03-04T02:26:45Z,False,"{'x': 41, 'y': 20}",0,Rebound,1.1
401810741542,542,"{'id': '412', 'text': 'End Period'}",End of the 3rd Quarter,75,91,3,0.0,False,0,,,2026-03-04T02:26:52Z,False,"{'x': -214748340, 'y': -214748365}",0,End of 3rd,0.0
401810741544,544,"{'id': '62', 'text': 'Bad Pass\nTurnover'}","Kasparas Jakucionis bad pass
turnover (Ben Saraf steals)",75,91,4,11:50,False,0,{'id': '14'},"[{'athlete': {'id': '5214640'}}, {'athlete': {'id': '5242502'}}]",2026-03-04T02:29:50Z,False,"{'x': 39, 'y': 32}",0,Turnover,710.0
401810741546,546,"{'id': '63', 'text': 'Lost Ball Turnover'}",Ben Saraf lost ball turnover (Kasparas Jakucionis steals),75,91,4,11:47,False,0,{'id': '17'},"[{'athlete': {'id': '5242502'}}, {'athlete': {'id': '5214640'}}]",2026-03-04T02:29:53Z,False,"{'x': 23, 'y': 1}",0,Turnover,707.0
401810741548,548,"{'id': '92', 'text': 'Jump Shot'}",Simone Fontecchio misses 24-foot three point jumper,75,91,4,11:38,False,0,{'id': '14'},[{'athlete': {'id': '3899664'}}],2026-03-04T02:30:02Z,True,"{'x': 43, 'y': 17}",3,Missed 3PT,698.0
401810741549,549,"{'id': '155', 'text': 'Defensive Rebound'}",Nets defensive team rebound,75,91,4,11:35,False,0,{'id': '17'},,2026-03-04T02:30:05Z,False,"{'x': 43, 'y': 17}",0,Rebound,695.0
401810741551,551,"{'id': '112', 'text': 'Reverse Layup Shot'}",Ben Saraf misses 2-foot reverse layup,75,91,4,11:20,False,0,{'id': '17'},[{'athlete': {'id': '5242502'}}],2026-03-04T02:30:49Z,True,"{'x': 22, 'y': 0}",2,Missed FG,680.0
401810741552,552,"{'id': '155', 'text': 'Defensive Rebound'}",Kel'el Ware defensive rebound,75,91,4,11:16,False,0,{'id': '14'},[{'athlete': {'id': '5105623'}}],2026-03-04T02:30:53Z,False,"{'x': 22, 'y': 0}",0,Rebound,676.0
401810741553,553,"{'id': '110', 'text': 'Driving Layup Shot'}",Jaime Jaquez Jr. misses driving layup,75,91,4,11:03,False,0,{'id': '14'},[{'athlete': {'id': '4432848'}}],2026-03-04T02:31:05Z,True,"{'x': 26, 'y': 2}",2,Missed FG,663.0
401810741554,554,"{'id': '156', 'text': 'Offensive Rebound'}",Kel'el Ware offensive rebound,75,91,4,11:00,False,0,{'id': '14'},[{'athlete': {'id': '5105623'}}],2026-03-04T02:31:08Z,False,"{'x': 26, 'y': 2}",0,Rebound,660.0
401810741555,555,"{'id': '94', 'text': 'Tip Shot'}",Kel'el Ware misses tip shot,75,91,4,11:00,False,0,{'id': '14'},[{'athlete': {'id': '5105623'}}],2026-03-04T02:31:09Z,True,"{'x': 25, 'y': 0}",2,Missed FG,660.0
401810741556,556,"{'id': '155', 'text': 'Defensive Rebound'}",Josh Minott defensive rebound,75,91,4,11:00,False,0,{'id': '17'},[{'athlete': {'id': '4687718'}}],2026-03-04T02:31:09Z,False,"{'x': 25, 'y': 0}",0,Rebound,660.0
401810741557,557,"{'id': '44', 'text': 'Shooting Foul'}",Bam Adebayo shooting foul,75,91,4,10:55,False,0,{'id': '14'},[{'athlete': {'id': '4066261'}}],2026-03-04T02:31:20Z,False,"{'x': 24, 'y': 1}",0,Foul,655.0
401810741559,559,"{'id': '98', 'text': 'Free Throw - 1 of 2'}",Ziaire Williams makes free throw 1 of 2,76,91,4,10:55,True,1,{'id': '17'},[{'athlete': {'id': '4433137'}}],2026-03-04T02:31:47Z,True,"{'x': -214748340, 'y': -214748365}",1,+1 Point,655.0
401810741560,560,"{'id': '99', 'text': 'Free Throw - 2 of 2'}",Ziaire Williams makes free throw 2 of 2,77,91,4,10:55,True,1,{'id': '17'},[{'athlete': {'id': '4433137'}}],2026-03-04T02:32:11Z,True,"{'x': -214748340, 'y': -214748365}",1,+1 Point,655.0
401810741561,561,"{'id': '44', 'text': 'Shooting Foul'}",Danny Wolf shooting foul,77,91,4,10:45,False,0,{'id': '17'},[{'athlete': {'id': '5107173'}}],2026-03-04T02:32:25Z,False,"{'x': 16, 'y': 11}",0,Foul,645.0
401810741563,563,"{'id': '98', 'text': 'Free Throw - 1 of 2'}",Kasparas Jakucionis makes free throw 1 of 2,77,92,4,10:45,True,1,{'id': '14'},[{'athlete': {'id': '5214640'}}],2026-03-04T02:32:55Z,True,"{'x': -214748340, 'y': -214748365}",1,+1 Point,645.0
401810741564,564,"{'id': '99', 'text': 'Free Throw - 2 of 2'}",Kasparas Jakucionis makes free throw 2 of 2,77,93,4,10:45,True,1,{'id': '14'},[{'athlete': {'id': '5214640'}}],2026-03-04T02:33:12Z,True,"{'x': -214748340, 'y': -214748365}",1,+1 Point,645.0
401810741565,565,"{'id': '92', 'text': 'Jump Shot'}",Ziaire Williams makes 26-foot three point jumper (Danny Wolf assists),80,93,4,10:30,True,3,{'id': '17'},"[{'athlete': {'id': '4433137'}}, {'athlete': {'id': '5107173'}}]",2026-03-04T02:33:30Z,True,"{'x': 28, 'y': 26}",3,+3 Points,630.0
401810741567,567,"{'id': '131', 'text': 'Pullup Jump Shot'}",Simone Fontecchio makes 25-foot three pointer (Kasparas Jakucionis assists),80,96,4,10:11,True,3,{'id': '14'},"[{'athlete': {'id': '3899664'}}, {'athlete': {'id': '5214640'}}]",2026-03-04T02:33:49Z,True,"{'x': 33, 'y': 25}",3,+3 Points,611.0
401810741569,569,"{'id': '92', 'text': 'Jump Shot'}",Josh Minott misses 25-foot three point jumper,80,96,4,9:56,False,0,{'id': '17'},[{'athlete': {'id': '4687718'}}],2026-03-04T02:34:04Z,True,"{'x': 15, 'y': 23}",3,Missed 3PT,596.0
401810741570,570,"{'id': '155', 'text': 'Defensive Rebound'}",Kel'el Ware defensive rebound,80,96,4,9:54,False,0,{'id': '14'},[{'athlete': {'id': '5105623'}}],2026-03-04T02:34:06Z,False,"{'x': 15, 'y': 23}",0,Rebound,594.0
401810741571,571,"{'id': '92', 'text': 'Jump Shot'}",Simone Fontecchio makes 25-foot three point jumper (Jaime Jaquez Jr. assists),80,99,4,9:45,True,3,{'id': '14'},"[{'athlete': {'id': '3899664'}}, {'athlete': {'id': '4432848'}}]",2026-03-04T02:34:16Z,True,"{'x': 41, 'y': 20}",3,+3 Points,585.0
401810741573,573,"{'id': '16', 'text': 'Full Timeout'}",Nets Full timeout,80,99,4,9:43,False,0,{'id': '17'},,2026-03-04T02:34:25Z,False,"{'x': -214748340, 'y': -214748365}",0,Timeout,583.0
401810741574,574,"{'id': '584', 'text': 'Substitution'}",Michael Porter Jr. enters the game for Josh Minott,80,99,4,9:43,False,0,{'id': '17'},"[{'athlete': {'id': '4278104'}}, {'athlete': {'id': '4687718'}}]",2026-03-04T02:36:44Z,False,"{'x': -214748340, 'y': -214748365}",0,Substitution,583.0
401810741575,575,"{'id': '584', 'text': 'Substitution'}",Nolan Traore enters the game for Ben Saraf,80,99,4,9:43,False,0,{'id': '17'},"[{'athlete': {'id': '5279130'}}, {'athlete': {'id': '5242502'}}]",2026-03-04T02:36:44Z,False,"{'x': -214748340, 'y': -214748365}",0,Substitution,583.0
401810741578,578,"{'id': '92', 'text': 'Jump Shot'}",Nolan Traore misses 24-foot three point jumper,80,99,4,9:27,False,0,{'id': '17'},[{'athlete': {'id': '5279130'}}],2026-03-04T02:37:31Z,True,"{'x': 8, 'y': 18}",3,Missed 3PT,567.0
401810741579,579,"{'id': '155', 'text': 'Defensive Rebound'}",Bam Adebayo defensive rebound,80,99,4,9:22,False,0,{'id': '14'},[{'athlete': {'id': '4066261'}}],2026-03-04T02:37:36Z,False,"{'x': 8, 'y': 18}",0,Rebound,562.0
401810741580,580,"{'id': '92', 'text': 'Jump Shot'}",Bam Adebayo misses 26-foot three point jumper,80,99,4,9:15,False,0,{'id': '14'},[{'athlete': {'id': '4066261'}}],2026-03-04T02:37:43Z,True,"{'x': 13, 'y': 24}",3,Missed 3PT,555.0
401810741581,581,"{'id': '155', 'text': 'Defensive Rebound'}",Danny Wolf defensive rebound,80,99,4,9:11,False,0,{'id': '17'},[{'athlete': {'id': '5107173'}}],2026-03-04T02:37:47Z,False,"{'x': 13, 'y': 24}",0,Rebound,551.0
401810741582,582,"{'id': '62', 'text': 'Bad Pass\nTurnover'}","Danny Wolf bad pass
turnover (Bam Adebayo steals)",80,99,4,9:07,False,0,{'id': '17'},"[{'athlete': {'id': '5107173'}}, {'athlete': {'id': '4066261'}}]",2026-03-04T02:37:51Z,False,"{'x': 14, 'y': 17}",0,Turnover,547.0
401810741584,584,"{'id': '129', 'text': 'Running Finger Roll Layup'}",Jaime Jaquez Jr. makes two point shot (Bam Adebayo assists),80,101,4,9:02,True,2,{'id': '14'},"[{'athlete': {'id': '4432848'}}, {'athlete': {'id': '4066261'}}]",2026-03-04T02:37:57Z,True,"{'x': 23, 'y': 1}",2,+2 Points,542.0
401810741586,586,"{'id': '141', 'text': 'Cutting Layup Shot'}",Danny Wolf makes layup (Day'Ron Sharpe assists),82,101,4,8:43,True,2,{'id': '17'},"[{'athlete': {'id': '5107173'}}, {'athlete': {'id': '4432194'}}]",2026-03-04T02:38:15Z,True,"{'x': 25, 'y': 1}",2,+2 Points,523.0
401810741588,588,"{'id': '44', 'text': 'Shooting Foul'}",Nolan Traore shooting foul,82,101,4,8:24,False,0,{'id': '17'},[{'athlete': {'id': '5279130'}}],2026-03-04T02:38:35Z,False,"{'x': 2, 'y': 1}",0,Foul,504.0
401810741590,590,"{'id': '100', 'text': 'Free Throw - 1 of 3'}",Simone Fontecchio makes free throw 1 of 3,82,102,4,8:24,True,1,{'id': '14'},[{'athlete': {'id': '3899664'}}],2026-03-04T02:39:23Z,True,"{'x': -214748340, 'y': -214748365}",1,+1 Point,504.0
401810741591,591,"{'id': '101', 'text': 'Free Throw - 2 of 3'}",Simone Fontecchio makes free throw 2 of 3,82,103,4,8:24,True,1,{'id': '14'},[{'athlete': {'id': '3899664'}}],2026-03-04T02:39:41Z,True,"{'x': -214748340, 'y': -214748365}",1,+1 Point,504.0
401810741592,592,"{'id': '584', 'text': 'Substitution'}",Noah Clowney enters the game for Ziaire Williams,82,103,4,8:24,False,0,{'id': '17'},"[{'athlete': {'id': '4712896'}}, {'athlete': {'id': '4433137'}}]",2026-03-04T02:39:41Z,False,"{'x': -214748340, 'y': -214748365}",0,Substitution,504.0
401810741593,593,"{'id': '584', 'text': 'Substitution'}",Nic Claxton enters the game for Danny Wolf,82,103,4,8:24,False,0,{'id': '17'},"[{'athlete': {'id': '4278067'}}, {'athlete': {'id': '5107173'}}]",2026-03-04T02:39:41Z,False,"{'x': -214748340, 'y': -214748365}",0,Substitution,504.0
401810741594,594,"{'id': '584', 'text': 'Substitution'}",Terance Mann enters the game for Day'Ron Sharpe,82,103,4,8:24,False,0,{'id': '17'},"[{'athlete': {'id': '3907823'}}, {'athlete': {'id': '4432194'}}]",2026-03-04T02:39:41Z,False,"{'x': -214748340, 'y': -214748365}",0,Substitution,504.0
401810741598,598,"{'id': '102', 'text': 'Free Throw - 3 of 3'}",Simone Fontecchio makes free throw 3 of 3,82,104,4,8:24,True,1,{'id': '14'},[{'athlete': {'id': '3899664'}}],2026-03-04T02:40:11Z,True,"{'x': -214748340, 'y': -214748365}",1,+1 Point,504.0
401810741599,599,"{'id': '92', 'text': 'Jump Shot'}",Noah Clowney misses 26-foot three point jumper,82,104,4,8:03,False,0,{'id': '17'},[{'athlete': {'id': '4712896'}}],2026-03-04T02:40:36Z,True,"{'x': 38, 'y': 24}",3,Missed 3PT,483.0
401810741600,600,"{'id': '155', 'text': 'Defensive Rebound'}",Bam Adebayo defensive rebound,82,104,4,7:59,False,0,{'id': '14'},[{'athlete': {'id': '4066261'}}],2026-03-04T02:40:40Z,False,"{'x': 38, 'y': 24}",0,Rebound,479.0
401810741601,601,"{'id': '121', 'text': 'Fade Away Jump Shot'}",Jaime Jaquez Jr. misses 8-foot fade away jump shot,82,104,4,7:38,False,0,{'id': '14'},[{'athlete': {'id': '4432848'}}],2026-03-04T02:41:01Z,True,"{'x': 19, 'y': 6}",2,Missed FG,458.0
401810741602,602,"{'id': '155', 'text': 'Defensive Rebound'}",Terance Mann defensive rebound,82,104,4,7:35,False,0,{'id': '17'},[{'athlete': {'id': '3907823'}}],2026-03-04T02:41:04Z,False,"{'x': 19, 'y': 6}",0,Rebound,455.0
401810741603,603,"{'id': '62', 'text': 'Bad Pass\nTurnover'}","Nolan Traore bad pass
turnover (Kel'el Ware steals)",82,104,4,7:28,False,0,{'id': '17'},"[{'athlete': {'id': '5279130'}}, {'athlete': {'id': '5105623'}}]",2026-03-04T02:41:11Z,False,"{'x': 8, 'y': 17}",0,Turnover,448.0
401810741605,605,"{'id': '109', 'text': 'Running Layup Shot'}",Bam Adebayo makes running layup,82,106,4,7:23,True,2,{'id': '14'},[{'athlete': {'id': '4066261'}}],2026-03-04T02:41:16Z,True,"{'x': 26, 'y': 1}",2,+2 Points,443.0
401810741606,606,"{'id': '16', 'text': 'Full Timeout'}",Nets Full timeout,82,106,4,7:23,False,0,{'id': '17'},,2026-03-04T02:41:24Z,False,"{'x': -214748340, 'y': -214748365}",0,Timeout,443.0
401810741607,607,"{'id': '584', 'text': 'Substitution'}",Ben Saraf enters the game for Nolan Traore,82,106,4,7:23,False,0,{'id': '17'},"[{'athlete': {'id': '5242502'}}, {'athlete': {'id': '5279130'}}]",2026-03-04T02:43:59Z,False,"{'x': -214748340, 'y': -214748365}",0,Substitution,443.0
401810741609,609,"{'id': '92', 'text': 'Jump Shot'}",Michael Porter Jr. misses 24-foot three point jumper,82,106,4,7:12,False,0,{'id': '17'},[{'athlete': {'id': '4278104'}}],2026-03-04T02:44:28Z,True,"{'x': 37, 'y': 22}",3,Missed 3PT,432.0
401810741610,610,"{'id': '155', 'text': 'Defensive Rebound'}",Heat defensive team rebound,82,106,4,7:10,False,0,{'id': '14'},,2026-03-04T02:44:32Z,False,"{'x': 37, 'y': 22}",0,Rebound,430.0
401810741612,612,"{'id': '62', 'text': 'Bad Pass\nTurnover'}","Jaime Jaquez Jr. bad pass
turnover (Nic Claxton steals)",82,106,4,6:48,False,0,{'id': '14'},"[{'athlete': {'id': '4432848'}}, {'athlete': {'id': '4278067'}}]",2026-03-04T02:44:57Z,False,"{'x': 44, 'y': 6}",0,Turnover,408.0
401810741614,614,"{'id': '129', 'text': 'Running Finger Roll Layup'}",Noah Clowney makes two point shot,84,106,4,6:42,True,2,{'id': '17'},[{'athlete': {'id': '4712896'}}],2026-03-04T02:45:03Z,True,"{'x': 25, 'y': 1}",2,+2 Points,402.0
401810741615,615,"{'id': '44', 'text': 'Shooting Foul'}",Terance Mann shooting foul,84,106,4,6:28,False,0,{'id': '17'},[{'athlete': {'id': '3907823'}}],2026-03-04T02:45:20Z,False,"{'x': 25, 'y': 6}",0,Foul,388.0
401810741617,617,"{'id': '98', 'text': 'Free Throw - 1 of 2'}",Jaime Jaquez Jr. misses free throw 1 of 2,84,106,4,6:28,False,0,{'id': '14'},[{'athlete': {'id': '4432848'}}],2026-03-04T02:45:44Z,True,"{'x': -214748340, 'y': -214748365}",1,Missed FT,388.0
401810741618,618,"{'id': '156', 'text': 'Offensive Rebound'}",Heat offensive team rebound,84,106,4,6:28,False,0,{'id': '14'},,2026-03-04T02:45:44Z,False,"{'x': -214748340, 'y': -214748365}",0,Rebound,388.0
401810741619,619,"{'id': '99', 'text': 'Free Throw - 2 of 2'}",Jaime Jaquez Jr. makes free throw 2 of 2,84,107,4,6:28,True,1,{'id': '14'},[{'athlete': {'id': '4432848'}}],2026-03-04T02:45:58Z,True,"{'x': -214748340, 'y': -214748365}",1,+1 Point,388.0
401810741620,620,"{'id': '92', 'text': 'Jump Shot'}",Michael Porter Jr. misses 26-foot three point jumper,84,107,4,6:19,False,0,{'id': '17'},[{'athlete': {'id': '4278104'}}],2026-03-04T02:46:10Z,True,"{'x': 19, 'y': 26}",3,Missed 3PT,379.0
401810741621,621,"{'id': '155', 'text': 'Defensive Rebound'}",Kel'el Ware defensive rebound,84,107,4,6:16,False,0,{'id': '14'},[{'athlete': {'id': '5105623'}}],2026-03-04T02:46:13Z,False,"{'x': 19, 'y': 26}",0,Rebound,376.0
401810741622,622,"{'id': '121', 'text': 'Fade Away Jump Shot'}",Bam Adebayo misses 11-foot fade away jump shot,84,107,4,6:07,False,0,{'id': '14'},[{'athlete': {'id': '4066261'}}],2026-03-04T02:46:23Z,True,"{'x': 25, 'y': 12}",2,Missed FG,367.0
401810741623,623,"{'id': '156', 'text': 'Offensive Rebound'}",Kel'el Ware offensive rebound,84,107,4,6:00,False,0,{'id': '14'},[{'athlete': {'id': '5105623'}}],2026-03-04T02:46:30Z,False,"{'x': 25, 'y': 12}",0,Rebound,360.0
401810741624,624,"{'id': '150', 'text': 'Tip Dunk Shot'}",Kel'el Ware makes tip in dunk,84,109,4,6:00,True,2,{'id': '14'},[{'athlete': {'id': '5105623'}}],2026-03-04T02:46:28Z,True,"{'x': 25, 'y': 0}",2,+2 Points,360.0
401810741625,625,"{'id': '144', 'text': 'Driving Floating Jump Shot'}",Noah Clowney makes 9-foot driving floating jump shot (Ben Saraf assists),86,109,4,5:47,True,2,{'id': '17'},"[{'athlete': {'id': '4712896'}}, {'athlete': {'id': '5242502'}}]",2026-03-04T02:46:42Z,True,"{'x': 32, 'y': 7}",2,+2 Points,347.0
401810741627,627,"{'id': '118', 'text': 'Alley Oop Dunk Shot'}",Bam Adebayo makes alley oop dunk (Jaime Jaquez Jr. assists),86,111,4,5:37,True,2,{'id': '14'},"[{'athlete': {'id': '4066261'}}, {'athlete': {'id': '4432848'}}]",2026-03-04T02:46:53Z,True,"{'x': 25, 'y': 1}",2,+2 Points,337.0
401810741629,629,"{'id': '110', 'text': 'Driving Layup Shot'}",Terance Mann makes driving layup (Michael Porter Jr. assists),88,111,4,5:23,True,2,{'id': '17'},"[{'athlete': {'id': '3907823'}}, {'athlete': {'id': '4278104'}}]",2026-03-04T02:47:05Z,True,"{'x': 25, 'y': 1}",2,+2 Points,323.0
401810741630,630,"{'id': '148', 'text': 'Turnaround Fadeaway Bank Jump Shot'}",Bam Adebayo makes 5-foot two point shot,88,113,4,5:09,True,2,{'id': '14'},[{'athlete': {'id': '4066261'}}],2026-03-04T02:47:21Z,True,"{'x': 21, 'y': 4}",2,+2 Points,309.0
401810741631,631,"{'id': '132', 'text': 'Step Back Jump Shot'}",Noah Clowney makes 25-foot three point step back jumpshot (Ben Saraf assists),91,113,4,4:47,True,3,{'id': '17'},"[{'athlete': {'id': '4712896'}}, {'athlete': {'id': '5242502'}}]",2026-03-04T02:47:42Z,True,"{'x': 34, 'y': 24}",3,+3 Points,287.0
401810741634,634,"{'id': '92', 'text': 'Jump Shot'}",Kel'el Ware misses 24-foot three point jumper,91,113,4,4:30,False,0,{'id': '14'},[{'athlete': {'id': '5105623'}}],2026-03-04T02:47:59Z,True,"{'x': 45, 'y': 16}",3,Missed 3PT,270.0
401810741635,635,"{'id': '155', 'text': 'Defensive Rebound'}",Nic Claxton defensive rebound,91,113,4,4:27,False,0,{'id': '17'},[{'athlete': {'id': '4278067'}}],2026-03-04T02:48:02Z,False,"{'x': 45, 'y': 16}",0,Rebound,267.0
401810741636,636,"{'id': '110', 'text': 'Driving Layup Shot'}",Michael Porter Jr. makes driving layup (Ben Saraf assists),93,113,4,4:17,True,2,{'id': '17'},"[{'athlete': {'id': '4278104'}}, {'athlete': {'id': '5242502'}}]",2026-03-04T02:48:13Z,True,"{'x': 27, 'y': 1}",2,+2 Points,257.0
401810741638,638,"{'id': '16', 'text': 'Full Timeout'}",Heat Full timeout,93,113,4,4:17,False,0,{'id': '14'},,2026-03-04T02:48:19Z,False,"{'x': -214748340, 'y': -214748365}",0,Timeout,257.0
401810741639,639,"{'id': '584', 'text': 'Substitution'}",Myron Gardner enters the game for Bam Adebayo,93,113,4,4:17,False,0,{'id': '14'},"[{'athlete': {'id': '4431772'}}, {'athlete': {'id': '4066261'}}]",2026-03-04T02:49:23Z,False,"{'x': -214748340, 'y': -214748365}",0,Substitution,257.0
401810741643,643,"{'id': '96', 'text': 'Dunk Shot'}",Kel'el Ware makes dunk (Kasparas Jakucionis assists),93,115,4,3:57,True,2,{'id': '14'},"[{'athlete': {'id': '5105623'}}, {'athlete': {'id': '5214640'}}]",2026-03-04T02:50:14Z,True,"{'x': 24, 'y': 0}",2,+2 Points,237.0
401810741645,645,"{'id': '131', 'text': 'Pullup Jump Shot'}",Michael Porter Jr. misses 24-foot three point pullup jump shot,93,115,4,3:40,False,0,{'id': '17'},[{'athlete': {'id': '4278104'}}],2026-03-04T02:50:30Z,True,"{'x': 26, 'y': 25}",3,Missed 3PT,220.0
401810741646,646,"{'id': '155', 'text': 'Defensive Rebound'}",Simone Fontecchio defensive rebound,93,115,4,3:36,False,0,{'id': '14'},[{'athlete': {'id': '3899664'}}],2026-03-04T02:50:34Z,False,"{'x': 26, 'y': 25}",0,Rebound,216.0
401810741647,647,"{'id': '110', 'text': 'Driving Layup Shot'}",Jaime Jaquez Jr. makes driving layup,93,117,4,3:29,True,2,{'id': '14'},[{'athlete': {'id': '4432848'}}],2026-03-04T02:50:42Z,True,"{'x': 26, 'y': 1}",2,+2 Points,209.0
401810741648,648,"{'id': '132', 'text': 'Step Back Jump Shot'}",Terance Mann makes 8-foot step back jumpshot (Ben Saraf assists),95,117,4,3:13,True,2,{'id': '17'},"[{'athlete': {'id': '3907823'}}, {'athlete': {'id': '5242502'}}]",2026-03-04T02:50:58Z,True,"{'x': 21, 'y': 8}",2,+2 Points,193.0
401810741650,650,"{'id': '92', 'text': 'Jump Shot'}",Myron Gardner makes 25-foot three point jumper (Kasparas Jakucionis assists),95,120,4,2:56,True,3,{'id': '14'},"[{'athlete': {'id': '4431772'}}, {'athlete': {'id': '5214640'}}]",2026-03-04T02:51:14Z,True,"{'x': 4, 'y': 14}",3,+3 Points,176.0
401810741652,652,"{'id': '16', 'text': 'Full Timeout'}",Nets Full timeout,95,120,4,2:49,False,0,{'id': '17'},,2026-03-04T02:51:32Z,False,"{'x': -214748340, 'y': -214748365}",0,Timeout,169.0
401810741653,653,"{'id': '584', 'text': 'Substitution'}",Jahmir Young enters the game for Jaime Jaquez Jr.,95,120,4,2:49,False,0,{'id': '14'},"[{'athlete': {'id': '4433133'}}, {'athlete': {'id': '4432848'}}]",2026-03-04T02:52:32Z,False,"{'x': -214748340, 'y': -214748365}",0,Substitution,169.0
401810741654,654,"{'id': '584', 'text': 'Substitution'}",Danny Wolf enters the game for Terance Mann,95,120,4,2:49,False,0,{'id': '17'},"[{'athlete': {'id': '5107173'}}, {'athlete': {'id': '3907823'}}]",2026-03-04T02:52:32Z,False,"{'x': -214748340, 'y': -214748365}",0,Substitution,169.0
401810741655,655,"{'id': '584', 'text': 'Substitution'}",Jalen Wilson enters the game for Michael Porter Jr.,95,120,4,2:49,False,0,{'id': '17'},"[{'athlete': {'id': '4431714'}}, {'athlete': {'id': '4278104'}}]",2026-03-04T02:52:32Z,False,"{'x': -214748340, 'y': -214748365}",0,Substitution,169.0
401810741656,656,"{'id': '584', 'text': 'Substitution'}",Ochai Agbaji enters the game for Noah Clowney,95,120,4,2:49,False,0,{'id': '17'},"[{'athlete': {'id': '4397018'}}, {'athlete': {'id': '4712896'}}]",2026-03-04T02:52:32Z,False,"{'x': -214748340, 'y': -214748365}",0,Substitution,169.0
401810741657,657,"{'id': '584', 'text': 'Substitution'}",Grant Nelson enters the game for Nic Claxton,95,120,4,2:49,False,0,{'id': '17'},"[{'athlete': {'id': '4702670'}}, {'athlete': {'id': '4278067'}}]",2026-03-04T02:52:32Z,False,"{'x': -214748340, 'y': -214748365}",0,Substitution,169.0
401810741663,663,"{'id': '92', 'text': 'Jump Shot'}",Ochai Agbaji misses 23-foot three point jumper,95,120,4,2:38,False,0,{'id': '17'},[{'athlete': {'id': '4397018'}}],2026-03-04T02:53:14Z,True,"{'x': 48, 'y': 1}",3,Missed 3PT,158.0
401810741664,664,"{'id': '156', 'text': 'Offensive Rebound'}",Nets offensive team rebound,95,120,4,2:36,False,0,{'id': '17'},,2026-03-04T02:53:16Z,False,"{'x': 48, 'y': 1}",0,Rebound,156.0
401810741666,666,"{'id': '145', 'text': 'Driving Floating Bank Jump Shot'}",Ben Saraf misses two point shot,95,120,4,2:29,False,0,{'id': '17'},[{'athlete': {'id': '5242502'}}],2026-03-04T02:53:46Z,True,"{'x': 19, 'y': 3}",2,Missed FG,149.0
401810741667,667,"{'id': '155', 'text': 'Defensive Rebound'}",Kel'el Ware defensive rebound,95,120,4,2:26,False,0,{'id': '14'},[{'athlete': {'id': '5105623'}}],2026-03-04T02:53:49Z,False,"{'x': 19, 'y': 3}",0,Rebound,146.0
401810741668,668,"{'id': '92', 'text': 'Jump Shot'}",Kasparas Jakucionis misses 25-foot three point jumper,95,120,4,2:17,False,0,{'id': '14'},[{'athlete': {'id': '5214640'}}],2026-03-04T02:53:58Z,True,"{'x': 5, 'y': 16}",3,Missed 3PT,137.0
401810741669,669,"{'id': '156', 'text': 'Offensive Rebound'}",Heat offensive team rebound,95,120,4,2:16,False,0,{'id': '14'},,2026-03-04T02:53:59Z,False,"{'x': 5, 'y': 16}",0,Rebound,136.0
401810741670,670,"{'id': '43', 'text': 'Loose Ball Foul'}",Danny Wolf loose ball foul,95,120,4,2:16,False,0,{'id': '17'},[{'athlete': {'id': '5107173'}}],2026-03-04T02:54:05Z,False,"{'x': 25, 'y': 2}",0,Foul,136.0
401810741672,672,"{'id': '44', 'text': 'Shooting Foul'}",Ben Saraf shooting foul,95,120,4,2:06,False,0,{'id': '17'},[{'athlete': {'id': '5242502'}}],2026-03-04T02:54:46Z,False,"{'x': 20, 'y': 1}",0,Foul,126.0
401810741674,674,"{'id': '98', 'text': 'Free Throw - 1 of 2'}",Kasparas Jakucionis makes free throw 1 of 2,95,121,4,2:06,True,1,{'id': '14'},[{'athlete': {'id': '5214640'}}],2026-03-04T02:55:16Z,True,"{'x': -214748340, 'y': -214748365}",1,+1 Point,126.0
401810741675,675,"{'id': '99', 'text': 'Free Throw - 2 of 2'}",Kasparas Jakucionis makes free throw 2 of 2,95,122,4,2:06,True,1,{'id': '14'},[{'athlete': {'id': '5214640'}}],2026-03-04T02:55:31Z,True,"{'x': -214748340, 'y': -214748365}",1,+1 Point,126.0
401810741676,676,"{'id': '90', 'text': 'Out of Bounds - Bad Pass Turnover'}",Ochai Agbaji out of bounds bad pass turnover,95,122,4,1:50,False,0,{'id': '17'},[{'athlete': {'id': '4397018'}}],2026-03-04T02:55:51Z,False,"{'x': 29, 'y': 5}",0,Turnover,110.0
401810741677,677,"{'id': '137', 'text': 'Turnaround Fade Away Jump Shot'}",Jahmir Young misses 11-foot two point shot,95,122,4,1:40,False,0,{'id': '14'},[{'athlete': {'id': '4433133'}}],2026-03-04T02:56:06Z,True,"{'x': 26, 'y': 11}",2,Missed FG,100.0
401810741678,678,"{'id': '156', 'text': 'Offensive Rebound'}",Kel'el Ware offensive rebound,95,122,4,1:38,False,0,{'id': '14'},[{'athlete': {'id': '5105623'}}],2026-03-04T02:56:08Z,False,"{'x': 26, 'y': 11}",0,Rebound,98.0
401810741679,679,"{'id': '86', 'text': 'Out of Bounds - Step Turnover'}",Kel'el Ware steps out of bounds turnover,95,122,4,1:37,False,0,{'id': '14'},[{'athlete': {'id': '5105623'}}],2026-03-04T02:56:12Z,False,"{'x': 33, 'y': 0}",0,Turnover,97.0
401810741680,680,"{'id': '44', 'text': 'Shooting Foul'}",Kel'el Ware shooting foul,95,122,4,1:13,False,0,{'id': '14'},[{'athlete': {'id': '5105623'}}],2026-03-04T02:56:48Z,False,"{'x': 25, 'y': 6}",0,Foul,73.0
401810741682,682,"{'id': '278', 'text': 'Ref-Initiated Review (Supported)'}",(01:13) [Nets] REF-INITIATED REVIEW (REPLAY SUPPORTS CALL),95,122,4,1:13,False,0,,,2026-03-04T02:57:11Z,False,"{'x': -214748340, 'y': -214748365}",0,Challenge,73.0
401810741683,683,"{'id': '98', 'text': 'Free Throw - 1 of 2'}",Grant Nelson makes free throw 1 of 2,96,122,4,1:13,True,1,{'id': '17'},[{'athlete': {'id': '4702670'}}],2026-03-04T02:57:50Z,True,"{'x': -214748340, 'y': -214748365}",1,+1 Point,73.0
401810741684,684,"{'id': '99', 'text': 'Free Throw - 2 of 2'}",Grant Nelson makes free throw 2 of 2,97,122,4,1:13,True,1,{'id': '17'},[{'athlete': {'id': '4702670'}}],2026-03-04T02:58:00Z,True,"{'x': -214748340, 'y': -214748365}",1,+1 Point,73.0
401810741685,685,"{'id': '86', 'text': 'Out of Bounds - Step Turnover'}",Simone Fontecchio steps out of bounds turnover,97,122,4,58.8,False,0,{'id': '14'},[{'athlete': {'id': '3899664'}}],2026-03-04T02:58:19Z,False,"{'x': 29, 'y': -2}",0,Turnover,58.8
401810741686,686,"{'id': '92', 'text': 'Jump Shot'}",Ben Saraf misses 25-foot three point jumper,97,122,4,43.2,False,0,{'id': '17'},[{'athlete': {'id': '5242502'}}],2026-03-04T02:58:47Z,True,"{'x': 38, 'y': 22}",3,Missed 3PT,43.2
401810741687,687,"{'id': '156', 'text': 'Offensive Rebound'}",Nets offensive team rebound,97,122,4,41.2,False,0,{'id': '17'},,2026-03-04T02:58:49Z,False,"{'x': 38, 'y': 22}",0,Rebound,41.2
401810741688,688,"{'id': '44', 'text': 'Shooting Foul'}",Jahmir Young shooting foul,97,122,4,41.2,False,0,{'id': '14'},[{'athlete': {'id': '4433133'}}],2026-03-04T02:58:56Z,False,"{'x': 26, 'y': 5}",0,Foul,41.2
401810741690,690,"{'id': '98', 'text': 'Free Throw - 1 of 2'}",Grant Nelson misses free throw 1 of 2,97,122,4,41.2,False,0,{'id': '17'},[{'athlete': {'id': '4702670'}}],2026-03-04T02:59:14Z,True,"{'x': -214748340, 'y': -214748365}",1,Missed FT,41.2
401810741691,691,"{'id': '156', 'text': 'Offensive Rebound'}",Nets offensive team rebound,97,122,4,41.2,False,0,{'id': '17'},,2026-03-04T02:59:14Z,False,"{'x': -214748340, 'y': -214748365}",0,Rebound,41.2
401810741692,692,"{'id': '99', 'text': 'Free Throw - 2 of 2'}",Grant Nelson makes free throw 2 of 2,98,122,4,41.2,True,1,{'id': '17'},[{'athlete': {'id': '4702670'}}],2026-03-04T02:59:39Z,True,"{'x': -214748340, 'y': -214748365}",1,+1 Point,41.2
401810741693,693,"{'id': '92', 'text': 'Jump Shot'}",Kasparas Jakucionis misses 26-foot three point jumper,98,122,4,30.2,False,0,{'id': '14'},[{'athlete': {'id': '5214640'}}],2026-03-04T02:59:54Z,True,"{'x': 18, 'y': 25}",3,Missed 3PT,30.2
401810741694,694,"{'id': '156', 'text': 'Offensive Rebound'}",Kel'el Ware offensive rebound,98,122,4,26.1,False,0,{'id': '14'},[{'athlete': {'id': '5105623'}}],2026-03-04T02:59:58Z,False,"{'x': 18, 'y': 25}",0,Rebound,26.1
401810741695,695,"{'id': '144', 'text': 'Driving Floating Jump Shot'}",Kel'el Ware makes driving floating jump shot,98,124,4,25.6,True,2,{'id': '14'},[{'athlete': {'id': '5105623'}}],2026-03-04T02:59:59Z,True,"{'x': 26, 'y': 1}",2,+2 Points,25.6
401810741696,696,"{'id': '92', 'text': 'Jump Shot'}",Jalen Wilson misses 23-foot three point jumper,98,124,4,11.3,False,0,{'id': '17'},[{'athlete': {'id': '4431714'}}],2026-03-04T03:00:17Z,True,"{'x': 48, 'y': 3}",3,Missed 3PT,11.3
401810741697,697,"{'id': '155', 'text': 'Defensive Rebound'}",Simone Fontecchio defensive rebound,98,124,4,8.1,False,0,{'id': '14'},[{'athlete': {'id': '3899664'}}],2026-03-04T03:00:20Z,False,"{'x': 48, 'y': 3}",0,Rebound,8.1
401810741698,698,"{'id': '412', 'text': 'End Period'}",End of the 4th Quarter,98,124,4,0.0,False,0,,,2026-03-04T03:00:42Z,False,"{'x': -214748340, 'y': -214748365}",0,End of 4th,0.0
401810741699,699,"{'id': '402', 'text': 'End Game'}",End of Game,98,124,4,0.0,False,0,,,2026-03-04T03:00:45Z,False,"{'x': -214748340, 'y': -214748365}",0,End of Game,0.0
